1.000000000000000e-04 3.483464273364524e-15
1.123324032978028e-04 3.483464273364524e-15
1.261856883066021e-04 3.483464273364524e-15
1.417474162926805e-04 3.483464273364524e-15
1.592282793341092e-04 3.483464273364524e-15
1.788649529057435e-04 3.483464273364524e-15
2.009233002565048e-04 3.483464273364524e-15
2.257019719633919e-04 3.483464273364524e-15
2.535364493970111e-04 3.483464273364524e-15
2.848035868435802e-04 3.483464273364524e-15
3.199267137797384e-04 3.483464273364524e-15
3.593813663804626e-04 3.483464273364524e-15
4.037017258596554e-04 3.483464273364524e-15
4.534878508128582e-04 3.483464273364524e-15
5.094138014816380e-04 3.483464273364524e-15
5.722367659350221e-04 3.483464273364524e-15
6.428073117284319e-04 3.483464273364524e-15
7.220809018385464e-04 3.483464273364524e-15
8.111308307896872e-04 3.483464273364524e-15
9.111627561154887e-04 3.483464273364524e-15
1.023531021899027e-03 3.483464273364516e-15
1.149756995397736e-03 3.483464273364386e-15
1.291549665014884e-03 3.483464273364012e-15
1.450828778495940e-03 3.483464273363315e-15
1.629750834620644e-03 3.483464273362235e-15
1.830738280295368e-03 3.483464273360724e-15
2.056512308348652e-03 3.483464273358745e-15
2.310129700083158e-03 3.483464273356271e-15
2.595024211399737e-03 3.483464273353284e-15
2.915053062825176e-03 3.483464273349776e-15
3.274549162877729e-03 3.483464273345082e-15
3.678379771828634e-03 3.483464273083525e-15
4.132012400115334e-03 3.483464267323907e-15
4.641588833612782e-03 3.483464195323039e-15
5.214008287999685e-03 3.483463623938604e-15
5.857020818056668e-03 3.483460519667073e-15
6.579332246575682e-03 3.483438173081992e-15
7.390722033525776e-03 3.483370907855885e-15
8.302175681319744e-03 3.482990842886706e-15
9.326033468832200e-03 3.482035616968471e-15
1.047615752789665e-02 3.477411874766124e-15
1.176811952434998e-02 3.460652684095613e-15
1.321941148466029e-02 3.437260529144938e-15
1.484968262254465e-02 3.409218710591236e-15
1.668100537200059e-02 3.338309479088106e-15
1.873817422860383e-02 3.226357269011949e-15
2.104904144512020e-02 3.088693159974171e-15
2.364489412645407e-02 2.934761717058897e-15
2.656087782946687e-02 2.765576023433768e-15
2.983647240283340e-02 2.579962889797291e-15
3.351602650938841e-02 2.379469277766600e-15
3.764935806792467e-02 2.163774462696970e-15
4.229242874389499e-02 1.928876442691966e-15
4.750810162102798e-02 1.674459354746425e-15
5.336699231206307e-02 1.403741403334319e-15
5.994842503189409e-02 1.124581089873039e-15
6.734150657750822e-02 8.499715272047112e-16
7.564633275546291e-02 5.969843828097110e-16
8.497534359086438e-02 3.833800705167841e-16
9.545484566618337e-02 2.219043341551090e-16
1.072267222010323e-01 1.145183045425538e-16
1.204503540258782e-01 5.308434249922354e-17
1.353047774579806e-01 2.328329471476335e-17
1.519911082952933e-01 1.008927580186526e-17
1.707352647470690e-01 3.568484852649005e-18
1.917910261672489e-01 8.421326664165894e-19
2.154434690031884e-01 1.496084982130828e-19
2.420128264794381e-01 3.376372383369584e-20
2.718588242732940e-01 5.272592471379641e-21
3.053855508833416e-01 7.963155516334074e-22
3.430469286314919e-01 9.045427820870918e-23
3.853528593710527e-01 8.906852754324242e-24
4.328761281083057e-01 5.967690568261824e-25
4.862601580065353e-01 3.188859838772635e-26
5.462277217684343e-01 1.042766361978924e-27
6.135907273413169e-01 1.098943190610070e-29
6.892612104349695e-01 1.737249483113842e-32
7.742636826811270e-01 3.214787592069689e-34
8.697490026177834e-01 1.317005216864848e-38
9.770099572992247e-01 0.000000000000000e+00
1.097498765493057e+00 0.000000000000000e+00
1.232846739442066e+00 0.000000000000000e+00
1.384886371393872e+00 0.000000000000000e+00
1.555676143930472e+00 0.000000000000000e+00
1.747528400007683e+00 0.000000000000000e+00
1.963040650040272e+00 0.000000000000000e+00
2.205130739903046e+00 0.000000000000000e+00
2.477076355991709e+00 0.000000000000000e+00
2.782559402207126e+00 0.000000000000000e+00
3.125715849688235e+00 0.000000000000000e+00
3.511191734215128e+00 0.000000000000000e+00
3.944206059437656e+00 0.000000000000000e+00
4.430621457583878e+00 0.000000000000000e+00
4.977023564332113e+00 0.000000000000000e+00
5.590810182512223e+00 0.000000000000000e+00
6.280291441834247e+00 0.000000000000000e+00
7.054802310718645e+00 0.000000000000000e+00
7.924828983539170e+00 0.000000000000000e+00
8.902150854450392e+00 0.000000000000000e+00
1.000000000000000e+01 0.000000000000000e+00
