1.000000000000000e-04 6.696616692688526e-14
1.123324032978028e-04 6.696616692688526e-14
1.261856883066021e-04 6.696616692688526e-14
1.417474162926805e-04 6.696616692688526e-14
1.592282793341092e-04 6.696616692688526e-14
1.788649529057435e-04 6.696616631103497e-14
2.009233002565048e-04 6.696614675887735e-14
2.257019719633919e-04 6.696607362462160e-14
2.535364493970111e-04 6.696591477072529e-14
2.848035868435802e-04 6.696563996881893e-14
3.199267137797384e-04 6.696522050412185e-14
3.593813663804626e-04 6.696462912539614e-14
4.037017258596554e-04 6.696384014937777e-14
4.534878508128582e-04 6.696282965550825e-14
5.094138014816380e-04 6.696157573958408e-14
5.722367659350221e-04 6.696005795044776e-14
6.428073117284319e-04 6.695653494994570e-14
7.220809018385464e-04 6.694535030649488e-14
8.111308307896872e-04 6.692142042302621e-14
9.111627561154887e-04 6.688028830942646e-14
1.023531021899027e-03 6.681791461221910e-14
1.149756995397736e-03 6.673062361076028e-14
1.291549665014884e-03 6.661510030730048e-14
1.450828778495940e-03 6.646841174105734e-14
1.629750834620644e-03 6.628804119329266e-14
1.830738280295368e-03 6.607059139751096e-14
2.056512308348652e-03 6.580115084263153e-14
2.310129700083158e-03 6.546196488561985e-14
2.595024211399737e-03 6.503626867641548e-14
2.915053062825176e-03 6.450760782486019e-14
3.274549162877729e-03 6.386055982114340e-14
3.678379771828634e-03 6.308101200904065e-14
4.132012400115334e-03 6.215569463132501e-14
4.641588833612782e-03 6.107449265563194e-14
5.214008287999685e-03 5.982862193149717e-14
5.857020818056668e-03 5.841321407946083e-14
6.579332246575682e-03 5.682636830836716e-14
7.390722033525776e-03 5.506820749681876e-14
8.302175681319744e-03 5.314378446228195e-14
9.326033468832200e-03 5.106205894552374e-14
1.047615752789665e-02 4.883458757915488e-14
1.176811952434998e-02 4.647544436566784e-14
1.321941148466029e-02 4.400191017569211e-14
1.484968262254465e-02 4.143387912839515e-14
1.668100537200059e-02 3.879335276232872e-14
1.873817422860383e-02 3.610392416708558e-14
2.104904144512020e-02 3.339021377688875e-14
2.364489412645407e-02 3.067727928914002e-14
2.656087782946687e-02 2.799001810344828e-14
2.983647240283340e-02 2.535258105590143e-14
3.351602650938841e-02 2.278781925700532e-14
3.764935806792467e-02 2.031678306558370e-14
4.229242874389499e-02 1.795829030993354e-14
4.750810162102798e-02 1.572857789842975e-14
5.336699231206307e-02 1.364104685905678e-14
5.994842503189409e-02 1.170610601353519e-14
6.734150657750822e-02 9.931114293619226e-15
7.564633275546291e-02 8.320416519467991e-15
8.497534359086438e-02 6.875462628425620e-15
9.545484566618337e-02 5.594996148679639e-15
1.072267222010323e-01 4.475294367331397e-15
1.204503540258782e-01 3.510440342752741e-15
1.353047774579806e-01 2.692605976666466e-15
1.519911082952933e-01 2.012326428022191e-15
1.707352647470690e-01 1.458750293110015e-15
1.917910261672489e-01 1.019858542192952e-15
2.154434690031884e-01 6.826591908870904e-16
2.420128264794381e-01 4.333835037574777e-16
2.718588242732940e-01 2.577299355263779e-16
3.053855508833416e-01 1.412136119883635e-16
3.430469286314919e-01 6.967449545584651e-17
3.853528593710527e-01 2.995857096396192e-17
4.328761281083057e-01 1.069069576588078e-17
4.862601580065353e-01 2.919102071453043e-18
5.462277217684343e-01 5.272047219366699e-19
6.135907273413169e-01 4.801515394627108e-20
6.892612104349695e-01 1.622120193170985e-21
7.742636826811270e-01 2.479995303604786e-23
8.697490026177834e-01 1.097241579834883e-27
9.770099572992247e-01 0.000000000000000e+00
1.097498765493057e+00 0.000000000000000e+00
1.232846739442066e+00 0.000000000000000e+00
1.384886371393872e+00 0.000000000000000e+00
1.555676143930472e+00 0.000000000000000e+00
1.747528400007683e+00 0.000000000000000e+00
1.963040650040272e+00 0.000000000000000e+00
2.205130739903046e+00 0.000000000000000e+00
2.477076355991709e+00 0.000000000000000e+00
2.782559402207126e+00 0.000000000000000e+00
3.125715849688235e+00 0.000000000000000e+00
3.511191734215128e+00 0.000000000000000e+00
3.944206059437656e+00 0.000000000000000e+00
4.430621457583878e+00 0.000000000000000e+00
4.977023564332113e+00 0.000000000000000e+00
5.590810182512223e+00 0.000000000000000e+00
6.280291441834247e+00 0.000000000000000e+00
7.054802310718645e+00 0.000000000000000e+00
7.924828983539170e+00 0.000000000000000e+00
8.902150854450392e+00 0.000000000000000e+00
1.000000000000000e+01 0.000000000000000e+00
