1.000000000000000e-04 1.039264029631029e-17
1.123324032978028e-04 1.039264029631029e-17
1.261856883066021e-04 1.039264029631029e-17
1.417474162926805e-04 1.039264029631029e-17
1.592282793341092e-04 1.039264029631029e-17
1.788649529057435e-04 1.039264029631029e-17
2.009233002565048e-04 1.039264029631029e-17
2.257019719633919e-04 1.039264029631029e-17
2.535364493970111e-04 1.039264029631029e-17
2.848035868435802e-04 1.039264029631029e-17
3.199267137797384e-04 1.039264029631029e-17
3.593813663804626e-04 1.039264029631029e-17
4.037017258596554e-04 1.039264029631029e-17
4.534878508128582e-04 1.039264029631029e-17
5.094138014816380e-04 1.039264029631029e-17
5.722367659350221e-04 1.039264029631029e-17
6.428073117284319e-04 1.039264029631029e-17
7.220809018385464e-04 1.039264029631029e-17
8.111308307896872e-04 1.039264029631029e-17
9.111627561154887e-04 1.039264029631029e-17
1.023531021899027e-03 1.039264029631029e-17
1.149756995397736e-03 1.039264029631029e-17
1.291549665014884e-03 1.039264029626856e-17
1.450828778495940e-03 1.039264029605418e-17
1.629750834620644e-03 1.039264029561920e-17
1.830738280295368e-03 1.039264029493946e-17
2.056512308348652e-03 1.039264029400111e-17
2.310129700083158e-03 1.039264029279793e-17
2.595024211399737e-03 1.039264029133030e-17
2.915053062825176e-03 1.039264028960453e-17
3.274549162877729e-03 1.039264028763236e-17
3.678379771828634e-03 1.039264028543051e-17
4.132012400115334e-03 1.039264027840694e-17
4.641588833612782e-03 1.039264015815030e-17
5.214008287999685e-03 1.039263901315462e-17
5.857020818056668e-03 1.039263149179186e-17
6.579332246575682e-03 1.039256204563177e-17
7.390722033525776e-03 1.039228532447116e-17
8.302175681319744e-03 1.039114013148186e-17
9.326033468832200e-03 1.038799408079041e-17
1.047615752789665e-02 1.037711975135969e-17
1.176811952434998e-02 1.035495469809984e-17
1.321941148466029e-02 1.031310554568784e-17
1.484968262254465e-02 1.022497290688834e-17
1.668100537200059e-02 1.006653927659616e-17
1.873817422860383e-02 9.819054817256217e-18
2.104904144512020e-02 9.468511808687695e-18
2.364489412645407e-02 9.004397176912752e-18
2.656087782946687e-02 8.423430489536599e-18
2.983647240283340e-02 7.731536198990315e-18
3.351602650938841e-02 6.944477780101835e-18
3.764935806792467e-02 6.087504361005514e-18
4.229242874389499e-02 5.193748426643013e-18
4.750810162102798e-02 4.301259222726924e-18
5.336699231206307e-02 3.448846138766737e-18
5.994842503189409e-02 2.671300014839446e-18
6.734150657750822e-02 1.994932568241676e-18
7.564633275546291e-02 1.434520224672299e-18
8.497534359086438e-02 9.924815211978984e-19
9.545484566618337e-02 6.604630430399649e-19
1.072267222010323e-01 4.227188420583814e-19
1.204503540258782e-01 2.601367725787750e-19
1.353047774579806e-01 1.537556625498379e-19
1.519911082952933e-01 8.707224865784632e-20
1.707352647470690e-01 4.703885055804891e-20
1.917910261672489e-01 2.407785080193949e-20
2.154434690031884e-01 1.156514910389099e-20
2.420128264794381e-01 5.145452828917050e-21
2.718588242732940e-01 2.087141711887775e-21
3.053855508833416e-01 7.598217129492629e-22
3.430469286314919e-01 2.473171313721836e-22
3.853528593710527e-01 7.425324207306414e-23
4.328761281083057e-01 4.394385862648449e-25
4.862601580065353e-01 1.163000512213373e-26
5.462277217684343e-01 9.417863547523051e-29
6.135907273413169e-01 2.298866106165930e-31
6.892612104349695e-01 1.218632315426983e-32
7.742636826811270e-01 2.164961447903239e-34
8.697490026177834e-01 3.260578995866823e-43
9.770099572992247e-01 0.000000000000000e+00
1.097498765493057e+00 0.000000000000000e+00
1.232846739442066e+00 0.000000000000000e+00
1.384886371393872e+00 0.000000000000000e+00
1.555676143930472e+00 0.000000000000000e+00
1.747528400007683e+00 0.000000000000000e+00
1.963040650040272e+00 0.000000000000000e+00
2.205130739903046e+00 0.000000000000000e+00
2.477076355991709e+00 0.000000000000000e+00
2.782559402207126e+00 0.000000000000000e+00
3.125715849688235e+00 0.000000000000000e+00
3.511191734215128e+00 0.000000000000000e+00
3.944206059437656e+00 0.000000000000000e+00
4.430621457583878e+00 0.000000000000000e+00
4.977023564332113e+00 0.000000000000000e+00
5.590810182512223e+00 0.000000000000000e+00
6.280291441834247e+00 0.000000000000000e+00
7.054802310718645e+00 0.000000000000000e+00
7.924828983539170e+00 0.000000000000000e+00
8.902150854450392e+00 0.000000000000000e+00
1.000000000000000e+01 0.000000000000000e+00
