1e+15     2.29106e-10
1.25893e+15     3.62876e-10
1.58489e+15     5.30264e-10
1.99526e+15     7.24412e-10
2.51189e+15     9.35184e-10
3.16228e+15     1.15085e-09
3.98107e+15     1.35973e-09
5.01187e+15     1.55146e-09
6.30957e+15     1.71789e-09
7.94328e+15     1.85329e-09
1e+16     1.95447e-09
1.25893e+16     2.02058e-09
1.58489e+16     2.05253e-09
1.99526e+16     2.05275e-09
2.51189e+16     2.02471e-09
3.16228e+16     1.97245e-09
3.98107e+16     1.90028e-09
5.01187e+16     1.81249e-09
6.30957e+16     1.71318e-09
7.94328e+16     1.60604e-09
1e+17     1.49438e-09
1.25893e+17     1.38098e-09
1.58489e+17     1.26818e-09
1.99526e+17     1.15787e-09
2.51189e+17      1.0515e-09
3.16228e+17     9.50172e-10
3.98107e+17     8.54642e-10
5.01187e+17     7.65404e-10
6.30957e+17      6.8272e-10
7.94328e+17     6.06665e-10
1e+18     5.37166e-10
1.25893e+18     4.74036e-10
1.58489e+18     4.17003e-10
1.99526e+18     3.65736e-10
2.51189e+18     3.19864e-10
3.16228e+18     2.78996e-10
3.98107e+18      2.4273e-10
5.01187e+18     2.10667e-10
6.30957e+18     1.82419e-10
7.94328e+18     1.57612e-10
1e+19     1.35893e-10
1.25893e+19     1.16933e-10
1.58489e+19     1.00427e-10
1.99526e+19     8.60933e-11
2.51189e+19     7.36765e-11
3.16228e+19     6.29451e-11
3.98107e+19     5.36905e-11
5.01187e+19     4.57262e-11
6.30957e+19     3.88857e-11
7.94328e+19     3.30217e-11
1e+20     2.80037e-11
1.25893e+20      2.3717e-11
1.58489e+20     2.00612e-11
1.99526e+20     1.69483e-11
2.51189e+20     1.43016e-11
3.16228e+20     1.20545e-11
3.98107e+20     1.01495e-11
5.01187e+20     8.53645e-12
6.30957e+20     7.17249e-12
7.94328e+20     6.02053e-12
1e+21     5.04878e-12
1.25893e+21     4.22998e-12
1.58489e+21     3.54082e-12
1.99526e+21     2.96138e-12
2.51189e+21     2.47469e-12
3.16228e+21     2.06631e-12
3.98107e+21     1.72397e-12
5.01187e+21     1.43726e-12
6.30957e+21     1.19734e-12
7.94328e+21      9.9675e-13
1e+22     8.29189e-13
1.25893e+22      6.8933e-13
1.58489e+22     5.72683e-13
1.99526e+22      4.7547e-13
2.51189e+22     3.94514e-13
3.16228e+22     3.27143e-13
3.98107e+22     2.71117e-13
5.01187e+22     2.24557e-13
6.30957e+22     1.85889e-13
7.94328e+22     1.53796e-13
1e+23     1.27176e-13
