1e+15     2.07839e-70
1.25893e+15     5.60277e-58
1.58489e+15     4.58277e-48
1.99526e+15     3.73826e-40
2.51189e+15      7.8298e-34
3.16228e+15     8.92499e-29
3.98107e+15     1.00514e-24
5.01187e+15     1.79526e-21
6.30957e+15     7.40234e-19
7.94328e+15     9.49023e-17
1e+16     4.79072e-15
1.25893e+16     1.14827e-13
1.58489e+16     1.51584e-12
1.99526e+16     1.23978e-11
2.51189e+16      6.8973e-11
3.16228e+16     2.81136e-10
3.98107e+16     8.90762e-10
5.01187e+16     2.30011e-09
6.30957e+16     5.02687e-09
7.94328e+16     9.58395e-09
1e+17      1.6331e-08
1.25893e+17     2.53592e-08
1.58489e+17     3.64503e-08
1.99526e+17     4.91112e-08
2.51189e+17     6.26639e-08
3.16228e+17     7.63539e-08
3.98107e+17     8.94512e-08
5.01187e+17     1.01326e-07
6.30957e+17     1.11488e-07
7.94328e+17      1.1962e-07
1e+18     1.25546e-07
1.25893e+18     1.29247e-07
1.58489e+18       1.308e-07
1.99526e+18     1.30383e-07
2.51189e+18      1.2822e-07
3.16228e+18     1.24579e-07
3.98107e+18     1.19733e-07
5.01187e+18     1.13957e-07
6.30957e+18     1.07502e-07
7.94328e+18       1.006e-07
1e+19     9.34536e-08
1.25893e+19     8.62335e-08
1.58489e+19     7.90817e-08
1.99526e+19     7.21115e-08
2.51189e+19     6.54103e-08
3.16228e+19     5.90424e-08
3.98107e+19     5.30523e-08
5.01187e+19     4.74677e-08
6.30957e+19     4.23023e-08
7.94328e+19     3.75584e-08
1e+20     3.32296e-08
1.25893e+20     2.93025e-08
1.58489e+20      2.5759e-08
1.99526e+20     2.25771e-08
2.51189e+20     1.97331e-08
3.16228e+20     1.72016e-08
3.98107e+20     1.49571e-08
5.01187e+20     1.29744e-08
6.30957e+20     1.12289e-08
7.94328e+20     9.69713e-09
1e+21     8.35699e-09
1.25893e+21     7.18783e-09
1.58489e+21     6.17056e-09
1.99526e+21     5.28769e-09
2.51189e+21     4.52331e-09
3.16228e+21     3.86302e-09
3.98107e+21     3.29388e-09
5.01187e+21      2.8043e-09
6.30957e+21       2.384e-09
7.94328e+21     2.02385e-09
1e+22     1.71578e-09
1.25893e+22     1.45271e-09
1.58489e+22     1.22843e-09
1.99526e+22     1.03753e-09
2.51189e+22     8.75277e-10
3.16228e+22     7.37568e-10
3.98107e+22     6.20852e-10
5.01187e+22     5.22059e-10
6.30957e+22     4.38544e-10
7.94328e+22     3.68029e-10
1e+23     3.08561e-10
