1.000000000000000e+17 2.149589848282112e-57
1.097498765493059e+17 2.026577358731065e-57
1.204503540258779e+17 1.891281034122725e-57
1.321941148466029e+17 1.786098143197690e-57
1.450828778495943e+17 1.669158698387820e-57
1.592282793341087e+17 1.601503424446425e-57
1.747528400007683e+17 1.520629022038011e-57
1.917910261672493e+17 1.424106307214132e-57
2.104904144512013e+17 1.353405208507571e-57
2.310129700083158e+17 1.266383704444291e-57
2.535364493970116e+17 1.223769729296628e-57
2.782559402207115e+17 1.163734593929922e-57
3.053855508833412e+17 1.085665837080864e-57
3.351602650938848e+17 1.029149737700356e-57
3.678379771828650e+17 9.543275152942846e-58
4.037017258596550e+17 9.189625147905818e-58
4.430621457583887e+17 8.653298625005297e-58
4.862601580065373e+17 7.943948287636397e-58
5.336699231206301e+17 7.425668706785734e-58
5.857020818056673e+17 6.742830286287974e-58
6.428073117284346e+17 6.411517210920588e-58
7.054802310718630e+17 5.924219427016763e-58
7.742636826811278e+17 5.301177585063086e-58
8.497534359086473e+17 4.852243204288377e-58
9.326033468832180e+17 4.551003097742576e-58
1.023531021899027e+18 4.008503500763050e-58
1.123324032978031e+18 3.621322411868398e-58
1.232846739442063e+18 3.142734095772170e-58
1.353047774579807e+18 2.811020467640185e-58
1.484968262254470e+18 2.400410171572115e-58
1.629750834620640e+18 2.216851978108828e-58
1.788649529057435e+18 1.957231853935139e-58
1.963040650040276e+18 1.641483361487629e-58
2.154434690031878e+18 1.434226727267294e-58
2.364489412645407e+18 1.180038692465798e-58
2.595024211399742e+18 1.078423180813661e-58
2.848035868435793e+18 9.296354902443351e-59
3.125715849688235e+18 7.490937148871065e-59
3.430469286314926e+18 6.381071793610944e-59
3.764935806792456e+18 5.777488940276440e-59
4.132012400115335e+18 4.549458513480274e-59
4.534878508128591e+18 3.815989673939802e-59
4.977023564332093e+18 2.923144773304585e-59
5.462277217684337e+18 2.415377251381964e-59
5.994842503189421e+18 1.790280029148404e-59
6.579332246575709e+18 1.612438212447874e-59
7.220809018385456e+18 1.306363308054268e-59
7.924828983539186e+18 9.327036091410314e-60
8.697490026177799e+18 7.396971488282073e-60
9.545484566618327e+18 6.611252060281634e-60
1.047615752789666e+19 4.504963400561334e-60
1.149756995397740e+19 3.472279454100532e-60
1.261856883066018e+19 2.218228035373653e-60
1.384886371393875e+19 1.651094972878090e-60
1.519911082952939e+19 9.664154707459826e-61
1.668100537200056e+19 8.683375819332233e-61
1.830738280295370e+19 6.164610603499576e-61
2.009233002565054e+19 3.221287711628365e-61
2.205130739903041e+19 2.141793647680604e-61
2.420128264794384e+19 9.411856618885862e-62
2.656087782946695e+19 8.611089237187149e-62
2.915053062825170e+19 5.226401220375649e-62
3.199267137797385e+19 1.816027132820593e-62
3.511191734215142e+19 9.571482836644921e-63
3.853528593710520e+19 9.005042323876568e-63
4.229242874389499e+19 2.242211202053565e-63
4.641588833612792e+19 9.628675435043706e-64
5.094138014816365e+19 1.429327668184487e-64
5.590810182512223e+19 4.066310031899456e-65
6.135907273413188e+19 1.916271795967196e-66
6.734150657750856e+19 1.953758198843415e-66
7.390722033525775e+19 8.242734176976747e-68
8.111308307896889e+19 8.003436893731090e-71
8.902150854450356e+19 0.000000000000000e+00
9.770099572992246e+19 0.000000000000000e+00
1.072267222010325e+20 0.000000000000000e+00
1.176811952435004e+20 0.000000000000000e+00
1.291549665014883e+20 0.000000000000000e+00
1.417474162926808e+20 0.000000000000000e+00
1.555676143930466e+20 0.000000000000000e+00
1.707352647470689e+20 0.000000000000000e+00
1.873817422860387e+20 0.000000000000000e+00
2.056512308348660e+20 0.000000000000000e+00
2.257019719633917e+20 0.000000000000000e+00
2.477076355991714e+20 0.000000000000000e+00
2.718588242732951e+20 0.000000000000000e+00
2.983647240283334e+20 0.000000000000000e+00
3.274549162877731e+20 0.000000000000000e+00
3.593813663804640e+20 0.000000000000000e+00
3.944206059437648e+20 0.000000000000000e+00
4.328761281083062e+20 0.000000000000000e+00
4.750810162102813e+20 0.000000000000000e+00
5.214008287999674e+20 0.000000000000000e+00
5.722367659350220e+20 0.000000000000000e+00
6.280291441834272e+20 0.000000000000000e+00
6.892612104349681e+20 0.000000000000000e+00
7.564633275546290e+20 0.000000000000000e+00
8.302175681319769e+20 0.000000000000000e+00
9.111627561154869e+20 0.000000000000000e+00
1.000000000000000e+21 0.000000000000000e+00
