1.000000000000000e-04 3.858109247540718e-14
1.123324032978028e-04 3.858109247540718e-14
1.261856883066021e-04 3.858109247540718e-14
1.417474162926805e-04 3.858109247540718e-14
1.592282793341092e-04 3.858109247540718e-14
1.788649529057435e-04 3.858109247540718e-14
2.009233002565048e-04 3.858109247540718e-14
2.257019719633919e-04 3.858109247540718e-14
2.535364493970111e-04 3.858109247540718e-14
2.848035868435802e-04 3.858109247540718e-14
3.199267137797384e-04 3.858109247538393e-14
3.593813663804626e-04 3.858109247521972e-14
4.037017258596554e-04 3.858109247481749e-14
4.534878508128582e-04 3.858109247410330e-14
5.094138014816380e-04 3.858109247301517e-14
5.722367659350221e-04 3.858109247150020e-14
6.428073117284319e-04 3.858109246951356e-14
7.220809018385464e-04 3.858109246701831e-14
8.111308307896872e-04 3.858109246398540e-14
9.111627561154887e-04 3.858109246039403e-14
1.023531021899027e-03 3.858067016562725e-14
1.149756995397736e-03 3.857342150217052e-14
1.291549665014884e-03 3.855252898744596e-14
1.450828778495940e-03 3.851364640260491e-14
1.629750834620644e-03 3.845341502852859e-14
1.830738280295368e-03 3.836916250051386e-14
2.056512308348652e-03 3.825880537883720e-14
2.310129700083158e-03 3.812081778745570e-14
2.595024211399737e-03 3.795422577754377e-14
2.915053062825176e-03 3.775861041589471e-14
3.274549162877729e-03 3.753410044401127e-14
3.678379771828634e-03 3.727759145628693e-14
4.132012400115334e-03 3.697850603599281e-14
4.641588833612782e-03 3.662255804338944e-14
5.214008287999685e-03 3.619403126861784e-14
5.857020818056668e-03 3.567607809098302e-14
6.579332246575682e-03 3.505479395856512e-14
7.390722033525776e-03 3.431772774662667e-14
8.302175681319744e-03 3.345465891806298e-14
9.326033468832200e-03 3.245953973705875e-14
1.047615752789665e-02 3.132887793594488e-14
1.176811952434998e-02 3.004391209830773e-14
1.321941148466029e-02 2.863641598026429e-14
1.484968262254465e-02 2.712824182594607e-14
1.668100537200059e-02 2.551177749041529e-14
1.873817422860383e-02 2.381714942979446e-14
2.104904144512020e-02 2.207923644219063e-14
2.364489412645407e-02 2.032064896429711e-14
2.656087782946687e-02 1.856076179454879e-14
2.983647240283340e-02 1.681724561145753e-14
3.351602650938841e-02 1.510659800098275e-14
3.764935806792467e-02 1.344339509425188e-14
4.229242874389499e-02 1.184028040378940e-14
4.750810162102798e-02 1.030861158163787e-14
5.336699231206307e-02 8.858674552777220e-15
5.994842503189409e-02 7.500119213282215e-15
6.734150657750822e-02 6.242388696892086e-15
7.564633275546291e-02 5.094928696039378e-15
8.497534359086438e-02 4.066913589529875e-15
9.545484566618337e-02 3.166257198600825e-15
1.072267222010323e-01 2.397920701798746e-15
1.204503540258782e-01 1.762174176057664e-15
1.353047774579806e-01 1.253226786019168e-15
1.519911082952933e-01 8.591641536555935e-16
1.707352647470690e-01 5.647665094142699e-16
1.917910261672489e-01 3.548467333328341e-16
2.154434690031884e-01 2.121410797528945e-16
2.420128264794381e-01 1.193140312760292e-16
2.718588242732940e-01 6.230031492510054e-17
3.053855508833416e-01 2.974477863999093e-17
3.430469286314919e-01 1.272027311916448e-17
3.853528593710527e-01 4.752515584990072e-18
4.328761281083057e-01 1.503236314322612e-18
4.862601580065353e-01 3.880152689626493e-19
5.462277217684343e-01 7.875694382017197e-20
6.135907273413169e-01 1.090098822458735e-20
6.892612104349695e-01 1.779625782542046e-21
7.742636826811270e-01 3.293205118083154e-23
8.697490026177834e-01 1.349130734493200e-27
9.770099572992247e-01 0.000000000000000e+00
1.097498765493057e+00 0.000000000000000e+00
1.232846739442066e+00 0.000000000000000e+00
1.384886371393872e+00 0.000000000000000e+00
1.555676143930472e+00 0.000000000000000e+00
1.747528400007683e+00 0.000000000000000e+00
1.963040650040272e+00 0.000000000000000e+00
2.205130739903046e+00 0.000000000000000e+00
2.477076355991709e+00 0.000000000000000e+00
2.782559402207126e+00 0.000000000000000e+00
3.125715849688235e+00 0.000000000000000e+00
3.511191734215128e+00 0.000000000000000e+00
3.944206059437656e+00 0.000000000000000e+00
4.430621457583878e+00 0.000000000000000e+00
4.977023564332113e+00 0.000000000000000e+00
5.590810182512223e+00 0.000000000000000e+00
6.280291441834247e+00 0.000000000000000e+00
7.054802310718645e+00 0.000000000000000e+00
7.924828983539170e+00 0.000000000000000e+00
8.902150854450392e+00 0.000000000000000e+00
1.000000000000000e+01 0.000000000000000e+00
