1.000000000000000e+17 1.441714649013628e-56
1.097498765493059e+17 1.408406216208444e-56
1.204503540258779e+17 1.369420544839944e-56
1.321941148466029e+17 1.330983573663762e-56
1.450828778495943e+17 1.287680805322523e-56
1.592282793341087e+17 1.248629252656079e-56
1.747528400007683e+17 1.203703061818752e-56
1.917910261672493e+17 1.152590430954372e-56
2.104904144512013e+17 1.102138364541172e-56
2.310129700083158e+17 1.046653277162219e-56
2.535364493970116e+17 9.965055937135521e-57
2.782559402207115e+17 9.414091626864446e-57
3.053855508833412e+17 8.818211192224258e-57
3.351602650938848e+17 8.250156109238643e-57
3.678379771828650e+17 7.649487962635156e-57
4.037017258596550e+17 7.124822480865030e-57
4.430621457583887e+17 6.573852599514623e-57
4.862601580065373e+17 6.003713671290218e-57
5.336699231206301e+17 5.484283413311782e-57
5.857020818056673e+17 4.953569919211191e-57
6.428073117284346e+17 4.512863124180534e-57
7.054802310718630e+17 4.065349407750677e-57
7.742636826811278e+17 3.616650109919708e-57
8.497534359086473e+17 3.226953464210413e-57
9.326033468832180e+17 2.891740999049358e-57
1.023531021899027e+18 2.534710556658963e-57
1.123324032978031e+18 2.232213697414275e-57
1.232846739442063e+18 1.934128081832728e-57
1.353047774579807e+18 1.687830943037968e-57
1.484968262254470e+18 1.444536761972157e-57
1.629750834620640e+18 1.269004888673983e-57
1.788649529057435e+18 1.093937995567639e-57
1.963040650040276e+18 9.219023819902423e-58
2.154434690031878e+18 7.874580192869953e-58
2.364489412645407e+18 6.541060963467879e-58
2.595024211399742e+18 5.672349326320668e-58
2.848035868435793e+18 4.787091571097889e-58
3.125715849688235e+18 3.907235755844950e-58
3.430469286314926e+18 3.264139854871323e-58
3.764935806792456e+18 2.805496377057976e-58
4.132012400115335e+18 2.246028193606274e-58
4.534878508128591e+18 1.851736140213659e-58
4.977023564332093e+18 1.450354547525233e-58
5.462277217684337e+18 1.180468888262605e-58
5.994842503189421e+18 8.999965772346061e-59
6.579332246575709e+18 7.678212358491245e-59
7.220809018385456e+18 6.144037218204226e-59
7.924828983539186e+18 4.532258808741176e-59
8.697490026177799e+18 3.558794341885135e-59
9.545484566618327e+18 3.016726389766055e-59
1.047615752789666e+19 2.134451136365895e-59
1.149756995397740e+19 1.633476026632653e-59
1.261856883066018e+19 1.092398678179634e-59
1.384886371393875e+19 8.098139521118289e-60
1.519911082952939e+19 5.013154769111963e-60
1.668100537200056e+19 4.243083028469767e-60
1.830738280295370e+19 3.007049231754261e-60
2.009233002565054e+19 1.675666685140499e-60
2.205130739903041e+19 1.115557829158555e-60
2.420128264794384e+19 5.294537423856597e-61
2.656087782946695e+19 4.488635621697501e-61
2.915053062825170e+19 2.716477909867786e-61
3.199267137797385e+19 1.010573941356349e-61
3.511191734215142e+19 5.230763881407644e-62
3.853528593710520e+19 4.444953144373064e-62
4.229242874389499e+19 1.094063030376023e-62
4.641588833612792e+19 4.223039877143874e-63
5.094138014816365e+19 4.603813264741104e-64
5.590810182512223e+19 8.374674024559864e-65
6.135907273413188e+19 1.908633760349289e-66
6.734150657750856e+19 1.876767850610240e-66
7.390722033525775e+19 6.315780994682798e-68
8.111308307896889e+19 1.845600773703819e-72
8.902150854450356e+19 0.000000000000000e+00
9.770099572992246e+19 0.000000000000000e+00
1.072267222010325e+20 0.000000000000000e+00
1.176811952435004e+20 0.000000000000000e+00
1.291549665014883e+20 0.000000000000000e+00
1.417474162926808e+20 0.000000000000000e+00
1.555676143930466e+20 0.000000000000000e+00
1.707352647470689e+20 0.000000000000000e+00
1.873817422860387e+20 0.000000000000000e+00
2.056512308348660e+20 0.000000000000000e+00
2.257019719633917e+20 0.000000000000000e+00
2.477076355991714e+20 0.000000000000000e+00
2.718588242732951e+20 0.000000000000000e+00
2.983647240283334e+20 0.000000000000000e+00
3.274549162877731e+20 0.000000000000000e+00
3.593813663804640e+20 0.000000000000000e+00
3.944206059437648e+20 0.000000000000000e+00
4.328761281083062e+20 0.000000000000000e+00
4.750810162102813e+20 0.000000000000000e+00
5.214008287999674e+20 0.000000000000000e+00
5.722367659350220e+20 0.000000000000000e+00
6.280291441834272e+20 0.000000000000000e+00
6.892612104349681e+20 0.000000000000000e+00
7.564633275546290e+20 0.000000000000000e+00
8.302175681319769e+20 0.000000000000000e+00
9.111627561154869e+20 0.000000000000000e+00
1.000000000000000e+21 0.000000000000000e+00
