1.000000000000000e-04 8.382942752054196e-14
1.123324032978028e-04 8.382942752054196e-14
1.261856883066021e-04 8.382942752054196e-14
1.417474162926805e-04 8.382942752054196e-14
1.592282793341092e-04 8.382942752054196e-14
1.788649529057435e-04 8.382942752054100e-14
2.009233002565048e-04 8.382942752051067e-14
2.257019719633919e-04 8.382942752039718e-14
2.535364493970111e-04 8.382942752015066e-14
2.848035868435802e-04 8.382942751972422e-14
3.199267137797384e-04 8.382942751907329e-14
3.593813663804626e-04 8.382942751815559e-14
4.037017258596554e-04 8.382942751693124e-14
4.534878508128582e-04 8.382942751536315e-14
5.094138014816380e-04 8.382942751341730e-14
5.722367659350221e-04 8.382942697036930e-14
6.428073117284319e-04 8.382833649230545e-14
7.220809018385464e-04 8.382259140540515e-14
8.111308307896872e-04 8.380898686595419e-14
9.111627561154887e-04 8.378471164010042e-14
1.023531021899027e-03 8.374721591146803e-14
1.149756995397736e-03 8.369417701866894e-14
1.291549665014884e-03 8.362349750756913e-14
1.450828778495940e-03 8.353331853021162e-14
1.629750834620644e-03 8.342204143706531e-14
1.830738280295368e-03 8.328559763458662e-14
2.056512308348652e-03 8.309601195517167e-14
2.310129700083158e-03 8.282239015944741e-14
2.595024211399737e-03 8.243846832865419e-14
2.915053062825176e-03 8.191985273290072e-14
3.274549162877729e-03 8.124427866271503e-14
3.678379771828634e-03 8.039173758999343e-14
4.132012400115334e-03 7.934397332497933e-14
4.641588833612782e-03 7.808682067130164e-14
5.214008287999685e-03 7.660840396767257e-14
5.857020818056668e-03 7.490181094785743e-14
6.579332246575682e-03 7.296419040975131e-14
7.390722033525776e-03 7.079583492547477e-14
8.302175681319744e-03 6.840312051213849e-14
9.326033468832200e-03 6.579746892485485e-14
1.047615752789665e-02 6.299407548073764e-14
1.176811952434998e-02 6.001171117754581e-14
1.321941148466029e-02 5.687323939911979e-14
1.484968262254465e-02 5.360492259536515e-14
1.668100537200059e-02 5.023577950231487e-14
1.873817422860383e-02 4.679689533599031e-14
2.104904144512020e-02 4.332067498325955e-14
2.364489412645407e-02 3.984006195486020e-14
2.656087782946687e-02 3.638774895186979e-14
2.983647240283340e-02 3.299540674516757e-14
3.351602650938841e-02 2.969296028682245e-14
3.764935806792467e-02 2.650793746061095e-14
4.229242874389499e-02 2.346491292130663e-14
4.750810162102798e-02 2.058506514384912e-14
5.336699231206307e-02 1.788585912654408e-14
5.994842503189409e-02 1.538086066163015e-14
6.734150657750822e-02 1.307968116638892e-14
7.564633275546291e-02 1.098804522471362e-14
8.497534359086438e-02 9.107966645687195e-15
9.545484566618337e-02 7.438013342420858e-15
1.072267222010323e-01 5.973636924043621e-15
1.204503540258782e-01 4.707539808945571e-15
1.353047774579806e-01 3.630051284832827e-15
1.519911082952933e-01 2.729485017878021e-15
1.707352647470690e-01 1.992455370562510e-15
1.917910261672489e-01 1.404140305340959e-15
2.154434690031884e-01 9.484962476653890e-16
2.420128264794381e-01 6.084551272460029e-16
2.718588242732940e-01 3.661629107403993e-16
3.053855508833416e-01 2.033407042466662e-16
3.430469286314919e-01 1.018529684028914e-16
3.853528593710527e-01 4.452846001938851e-17
4.328761281083057e-01 1.616530127808183e-17
4.862601580065353e-01 4.481525518278033e-18
5.462277217684343e-01 8.117972380126828e-19
6.135907273413169e-01 1.831964987537614e-20
6.892612104349695e-01 3.008597004105993e-21
7.742636826811270e-01 2.871028744236245e-23
8.697490026177834e-01 1.158770484579765e-27
9.770099572992247e-01 0.000000000000000e+00
1.097498765493057e+00 0.000000000000000e+00
1.232846739442066e+00 0.000000000000000e+00
1.384886371393872e+00 0.000000000000000e+00
1.555676143930472e+00 0.000000000000000e+00
1.747528400007683e+00 0.000000000000000e+00
1.963040650040272e+00 0.000000000000000e+00
2.205130739903046e+00 0.000000000000000e+00
2.477076355991709e+00 0.000000000000000e+00
2.782559402207126e+00 0.000000000000000e+00
3.125715849688235e+00 0.000000000000000e+00
3.511191734215128e+00 0.000000000000000e+00
3.944206059437656e+00 0.000000000000000e+00
4.430621457583878e+00 0.000000000000000e+00
4.977023564332113e+00 0.000000000000000e+00
5.590810182512223e+00 0.000000000000000e+00
6.280291441834247e+00 0.000000000000000e+00
7.054802310718645e+00 0.000000000000000e+00
7.924828983539170e+00 0.000000000000000e+00
8.902150854450392e+00 0.000000000000000e+00
1.000000000000000e+01 0.000000000000000e+00
