1.000000000000000e+14 6.526153895447193e+15
1.176811952434999e+14 6.577745701544242e+15
1.384886371393875e+14 6.614019647803858e+15
1.629750834620647e+14 6.634686316014827e+15
1.917910261672485e+14 6.645144439729110e+15
2.257019719633917e+14 6.655536369885415e+15
2.656087782946684e+14 6.661021128756373e+15
3.125715849688235e+14 6.661177695360269e+15
3.678379771828634e+14 6.663907319813666e+15
4.328761281083062e+14 6.666210978195490e+15
5.094138014816386e+14 6.663775832822136e+15
5.994842503189421e+14 6.661902585155632e+15
7.054802310718631e+14 6.662170526015313e+15
8.302175681319735e+14 6.656873082384717e+15
9.770099572992246e+14 6.644970569949939e+15
1.149756995397736e+15 6.629648981525448e+15
1.353047774579808e+15 6.597426479418079e+15
1.592282793341094e+15 6.536992733636270e+15
1.873817422860387e+15 6.443480018774748e+15
2.205130739903041e+15 6.301289411834168e+15
2.595024211399732e+15 6.095314587635721e+15
3.053855508833412e+15 5.823955613737636e+15
3.593813663804626e+15 5.486969690665688e+15
4.229242874389499e+15 5.082680409139440e+15
4.977023564332114e+15 4.624067131526365e+15
5.857020818056673e+15 4.130372941117057e+15
6.892612104349681e+15 3.615778440916656e+15
8.111308307896856e+15 3.100192384041838e+15
9.545484566618328e+15 2.605611480977168e+15
1.123324032978031e+16 2.145621679316647e+15
1.321941148466029e+16 1.730783982768642e+15
1.555676143930466e+16 1.369386897293645e+15
1.830738280295370e+16 1.063011237331976e+15
2.154434690031878e+16 8.095367518807175e+14
2.535364493970117e+16 6.052552994314168e+14
2.983647240283334e+16 4.443920137045814e+14
3.511191734215142e+16 3.203230868545189e+14
4.132012400115334e+16 2.266571787471789e+14
4.862601580065334e+16 1.574585754637539e+14
5.722367659350220e+16 1.073637792435592e+14
6.734150657750801e+16 7.183905482900934e+13
7.924828983539186e+16 4.720690345241839e+13
9.326033468832181e+16 3.046872640450405e+13
1.097498765493059e+17 1.937185092215800e+13
1.291549665014883e+17 1.215683771650172e+13
1.519911082952927e+17 7.558046699274900e+12
1.788649529057435e+17 4.709464816927744e+12
2.104904144512013e+17 2.951688326213164e+12
2.477076355991714e+17 1.897637723034082e+12
2.915053062825170e+17 1.276475714548149e+12
3.430469286314926e+17 8.903097526282534e+11
4.037017258596550e+17 6.608134023693369e+11
4.750810162102774e+17 5.069024288040491e+11
5.590810182512223e+17 4.181433227837750e+11
6.579332246575656e+17 3.472126110926256e+11
7.742636826811278e+17 2.842710135037306e+11
9.111627561154868e+17 2.450191152917052e+11
1.072267222010325e+18 1.987487672432632e+11
1.261856883066019e+18 1.639645486545145e+11
1.484968262254457e+18 1.385069911544317e+11
1.747528400007683e+18 1.073625893138114e+11
2.056512308348660e+18 8.488035900953383e+10
2.420128264794383e+18 6.274229675109724e+10
2.848035868435793e+18 5.058694336734865e+10
3.351602650938848e+18 3.572978474540582e+10
3.944206059437648e+18 2.617552505486239e+10
4.641588833612754e+18 2.032584818350128e+10
5.462277217684337e+18 1.321831825432971e+10
6.428073117284346e+18 9.051029490005886e+09
7.564633275546290e+18 6.736173442881682e+09
8.902150854450356e+18 3.913842941940428e+09
1.047615752789666e+19 2.442278533341895e+09
1.232846739442063e+19 1.228751998815500e+09
1.450828778495943e+19 8.406601200726355e+08
1.707352647470689e+19 4.531579495809365e+08
2.009233002565054e+19 1.718158612820774e+08
2.364489412645407e+19 1.060437903283533e+08
2.782559402207114e+19 2.910307954094911e+07
3.274549162877732e+19 9.588869532607900e+06
3.853528593710520e+19 4.877819339457460e+06
4.534878508128591e+19 5.369033147712116e+05
5.336699231206302e+19 8.043567924721766e+04
6.280291441834272e+19 1.075031979554040e+03
7.390722033525775e+19 4.114029280850443e+01
8.697490026177798e+19 2.344565305223267e-02
1.023531021899027e+20 0.000000000000000e+00
1.204503540258779e+20 0.000000000000000e+00
1.417474162926808e+20 0.000000000000000e+00
1.668100537200056e+20 0.000000000000000e+00
1.963040650040276e+20 0.000000000000000e+00
2.310129700083158e+20 0.000000000000000e+00
2.718588242732929e+20 0.000000000000000e+00
3.199267137797384e+20 0.000000000000000e+00
3.764935806792456e+20 0.000000000000000e+00
4.430621457583887e+20 0.000000000000000e+00
5.214008287999674e+20 0.000000000000000e+00
6.135907273413189e+20 0.000000000000000e+00
7.220809018385456e+20 0.000000000000000e+00
8.497534359086403e+20 0.000000000000000e+00
1.000000000000000e+21 0.000000000000000e+00
