1.000000000000000e+17 1.592078167148711e-56
1.097498765493059e+17 1.554581737968811e-56
1.204503540258779e+17 1.512125795246588e-56
1.321941148466029e+17 1.470476955321573e-56
1.450828778495943e+17 1.424776460411716e-56
1.592282793341087e+17 1.382912607920930e-56
1.747528400007683e+17 1.335579061244013e-56
1.917910261672493e+17 1.281953642057480e-56
2.104904144512013e+17 1.228421755505961e-56
2.310129700083158e+17 1.169796027570319e-56
2.535364493970116e+17 1.115366090994520e-56
2.782559402207115e+17 1.055529761367038e-56
3.053855508833412e+17 9.905555870876491e-57
3.351602650938848e+17 9.274124496887535e-57
3.678379771828650e+17 8.606008474757259e-57
4.037017258596550e+17 8.005445014621312e-57
4.430621457583887e+17 7.376351290951451e-57
4.862601580065373e+17 6.727253519844160e-57
5.336699231206301e+17 6.128292397275737e-57
5.857020818056673e+17 5.520343149668820e-57
6.428073117284346e+17 5.002662578597060e-57
7.054802310718630e+17 4.483501169898383e-57
7.742636826811278e+17 3.968496850943172e-57
8.497534359086473e+17 3.517062787066401e-57
9.326033468832180e+17 3.125239935160909e-57
1.023531021899027e+18 2.718601121763418e-57
1.123324032978031e+18 2.372022364238622e-57
1.232846739442063e+18 2.036566992946859e-57
1.353047774579807e+18 1.757620842214803e-57
1.484968262254470e+18 1.488171116734648e-57
1.629750834620640e+18 1.289136835378643e-57
1.788649529057435e+18 1.096153542444004e-57
1.963040650040276e+18 9.110364229196397e-58
2.154434690031878e+18 7.660481800385417e-58
2.364489412645407e+18 6.262029703841057e-58
2.595024211399742e+18 5.333062661259649e-58
2.848035868435793e+18 4.418437264168280e-58
3.125715849688235e+18 3.534095911354472e-58
3.430469286314926e+18 2.890976695964914e-58
3.764935806792456e+18 2.436117412910454e-58
4.132012400115335e+18 1.901069971698369e-58
4.534878508128591e+18 1.529651841033603e-58
4.977023564332093e+18 1.161322664400333e-58
5.462277217684337e+18 9.189847404352691e-59
5.994842503189421e+18 6.737003498399684e-59
6.579332246575709e+18 5.627555092056759e-59
7.220809018385456e+18 4.362406778692087e-59
7.924828983539186e+18 3.059954944240585e-59
8.697490026177799e+18 2.316365814279886e-59
9.545484566618327e+18 1.937024674682571e-59
1.047615752789666e+19 1.287507949004106e-59
1.149756995397740e+19 9.486603414593347e-60
1.261856883066018e+19 5.874001875423088e-60
1.384886371393875e+19 4.177358700870484e-60
1.519911082952939e+19 2.355743119627057e-60
1.668100537200056e+19 2.019493417467030e-60
1.830738280295370e+19 1.380637475605571e-60
2.009233002565054e+19 6.952635616072391e-61
2.205130739903041e+19 4.473733274926568e-61
2.420128264794384e+19 1.899717394942022e-61
2.656087782946695e+19 1.710132153222532e-61
2.915053062825170e+19 1.019655968945234e-61
3.199267137797385e+19 3.473330475068812e-62
3.511191734215142e+19 1.815872096032018e-62
3.853528593710520e+19 1.713185430873571e-62
4.229242874389499e+19 4.207055007666481e-63
4.641588833612792e+19 1.777080423160229e-63
5.094138014816365e+19 2.451762702423468e-64
5.590810182512223e+19 6.353277597520762e-65
6.135907273413188e+19 2.586229615880930e-66
6.734150657750856e+19 2.583011082583313e-66
7.390722033525775e+19 9.436095831618434e-68
8.111308307896889e+19 2.810214599134761e-72
8.902150854450356e+19 0.000000000000000e+00
9.770099572992246e+19 0.000000000000000e+00
1.072267222010325e+20 0.000000000000000e+00
1.176811952435004e+20 0.000000000000000e+00
1.291549665014883e+20 0.000000000000000e+00
1.417474162926808e+20 0.000000000000000e+00
1.555676143930466e+20 0.000000000000000e+00
1.707352647470689e+20 0.000000000000000e+00
1.873817422860387e+20 0.000000000000000e+00
2.056512308348660e+20 0.000000000000000e+00
2.257019719633917e+20 0.000000000000000e+00
2.477076355991714e+20 0.000000000000000e+00
2.718588242732951e+20 0.000000000000000e+00
2.983647240283334e+20 0.000000000000000e+00
3.274549162877731e+20 0.000000000000000e+00
3.593813663804640e+20 0.000000000000000e+00
3.944206059437648e+20 0.000000000000000e+00
4.328761281083062e+20 0.000000000000000e+00
4.750810162102813e+20 0.000000000000000e+00
5.214008287999674e+20 0.000000000000000e+00
5.722367659350220e+20 0.000000000000000e+00
6.280291441834272e+20 0.000000000000000e+00
6.892612104349681e+20 0.000000000000000e+00
7.564633275546290e+20 0.000000000000000e+00
8.302175681319769e+20 0.000000000000000e+00
9.111627561154869e+20 0.000000000000000e+00
1.000000000000000e+21 0.000000000000000e+00
