1.000000000000000e-04 1.927773784204176e-14
1.123324032978028e-04 1.927773784204176e-14
1.261856883066021e-04 1.927773784204176e-14
1.417474162926805e-04 1.927773784204176e-14
1.592282793341092e-04 1.927773784204176e-14
1.788649529057435e-04 1.927773784204176e-14
2.009233002565048e-04 1.927773784204176e-14
2.257019719633919e-04 1.927773784204176e-14
2.535364493970111e-04 1.927773784204176e-14
2.848035868435802e-04 1.927773784204176e-14
3.199267137797384e-04 1.927773784204176e-14
3.593813663804626e-04 1.927773784204176e-14
4.037017258596554e-04 1.927773784204176e-14
4.534878508128582e-04 1.927773784204176e-14
5.094138014816380e-04 1.927773784204176e-14
5.722367659350221e-04 1.927773784204176e-14
6.428073117284319e-04 1.927773784204176e-14
7.220809018385464e-04 1.927773784203958e-14
8.111308307896872e-04 1.927773784200461e-14
9.111627561154887e-04 1.927773784190267e-14
1.023531021899027e-03 1.927773784171006e-14
1.149756995397736e-03 1.927773784140750e-14
1.291549665014884e-03 1.927773784097880e-14
1.450828778495940e-03 1.927773784041038e-14
1.629750834620644e-03 1.927773783969106e-14
1.830738280295368e-03 1.927758406747791e-14
2.056512308348652e-03 1.927617897307510e-14
2.310129700083158e-03 1.927279223323810e-14
2.595024211399737e-03 1.927016839365305e-14
2.915053062825176e-03 1.927231151164279e-14
3.274549162877729e-03 1.928075538685231e-14
3.678379771828634e-03 1.929524105658256e-14
4.132012400115334e-03 1.931019802592468e-14
4.641588833612782e-03 1.932328719083433e-14
5.214008287999685e-03 1.933346471777201e-14
5.857020818056668e-03 1.934001341147457e-14
6.579332246575682e-03 1.934240206608917e-14
7.390722033525776e-03 1.933548453956006e-14
8.302175681319744e-03 1.929670527817797e-14
9.326033468832200e-03 1.923016538783618e-14
1.047615752789665e-02 1.913362835604624e-14
1.176811952434998e-02 1.900301771915773e-14
1.321941148466029e-02 1.883284782415921e-14
1.484968262254465e-02 1.861875208119431e-14
1.668100537200059e-02 1.835723258844760e-14
1.873817422860383e-02 1.804523216252887e-14
2.104904144512020e-02 1.767837076745402e-14
2.364489412645407e-02 1.725764099576507e-14
2.656087782946687e-02 1.677364267216463e-14
2.983647240283340e-02 1.623816215238343e-14
3.351602650938841e-02 1.565615384152402e-14
3.764935806792467e-02 1.500975163283854e-14
4.229242874389499e-02 1.432508199852331e-14
4.750810162102798e-02 1.361027956686859e-14
5.336699231206307e-02 1.286627663631661e-14
5.994842503189409e-02 1.209743450399527e-14
6.734150657750822e-02 1.130762999511492e-14
7.564633275546291e-02 1.050061150247645e-14
8.497534359086438e-02 9.679940363489063e-15
9.545484566618337e-02 8.849029563792196e-15
1.072267222010323e-01 8.011298917026531e-15
1.204503540258782e-01 7.170419999267875e-15
1.353047774579806e-01 6.330704876741940e-15
1.519911082952933e-01 5.497647823483563e-15
1.707352647470690e-01 4.678587298617500e-15
1.917910261672489e-01 3.883392528676700e-15
2.154434690031884e-01 3.124982457486472e-15
2.420128264794381e-01 2.419357114189251e-15
2.718588242732940e-01 1.784835010011027e-15
3.053855508833416e-01 1.239952704684380e-15
3.430469286314919e-01 7.999241161892129e-16
3.853528593710527e-01 4.704892941492082e-16
4.328761281083057e-01 2.441085305175221e-16
4.862601580065353e-01 1.082601334166272e-16
5.462277217684343e-01 3.859056541673618e-17
6.135907273413169e-01 9.534684150383752e-18
6.892612104349695e-01 9.342638165598582e-19
7.742636826811270e-01 4.328831305059705e-20
8.697490026177834e-01 7.619921543638009e-23
9.770099572992247e-01 0.000000000000000e+00
1.097498765493057e+00 0.000000000000000e+00
1.232846739442066e+00 0.000000000000000e+00
1.384886371393872e+00 0.000000000000000e+00
1.555676143930472e+00 0.000000000000000e+00
1.747528400007683e+00 0.000000000000000e+00
1.963040650040272e+00 0.000000000000000e+00
2.205130739903046e+00 0.000000000000000e+00
2.477076355991709e+00 0.000000000000000e+00
2.782559402207126e+00 0.000000000000000e+00
3.125715849688235e+00 0.000000000000000e+00
3.511191734215128e+00 0.000000000000000e+00
3.944206059437656e+00 0.000000000000000e+00
4.430621457583878e+00 0.000000000000000e+00
4.977023564332113e+00 0.000000000000000e+00
5.590810182512223e+00 0.000000000000000e+00
6.280291441834247e+00 0.000000000000000e+00
7.054802310718645e+00 0.000000000000000e+00
7.924828983539170e+00 0.000000000000000e+00
8.902150854450392e+00 0.000000000000000e+00
1.000000000000000e+01 0.000000000000000e+00
