1.000000000000000e-04 3.838830333513981e-15
1.123324032978028e-04 3.838830333513981e-15
1.261856883066021e-04 3.838830333513981e-15
1.417474162926805e-04 3.838830333513981e-15
1.592282793341092e-04 3.838830333513981e-15
1.788649529057435e-04 3.838830333513981e-15
2.009233002565048e-04 3.838830333513981e-15
2.257019719633919e-04 3.838830333513981e-15
2.535364493970111e-04 3.838830333513981e-15
2.848035868435802e-04 3.838830333513981e-15
3.199267137797384e-04 3.838830333513981e-15
3.593813663804626e-04 3.838830333513981e-15
4.037017258596554e-04 3.838830333513981e-15
4.534878508128582e-04 3.838830333513981e-15
5.094138014816380e-04 3.838830333513981e-15
5.722367659350221e-04 3.838830333513981e-15
6.428073117284319e-04 3.838830333513981e-15
7.220809018385464e-04 3.838830333513981e-15
8.111308307896872e-04 3.838830333513981e-15
9.111627561154887e-04 3.838830333513981e-15
1.023531021899027e-03 3.838830333513981e-15
1.149756995397736e-03 3.838830333513981e-15
1.291549665014884e-03 3.838830333513981e-15
1.450828778495940e-03 3.838830333513981e-15
1.629750834620644e-03 3.838830333513981e-15
1.830738280295368e-03 3.838830333480067e-15
2.056512308348652e-03 3.838830334373990e-15
2.310129700083158e-03 3.838830343079573e-15
2.595024211399737e-03 3.838830360457449e-15
2.915053062825176e-03 3.838830366233298e-15
3.274549162877729e-03 3.838829990749942e-15
3.678379771828634e-03 3.838828190479364e-15
4.132012400115334e-03 3.838820724614906e-15
4.641588833612782e-03 3.838791746271345e-15
5.214008287999685e-03 3.838644874918700e-15
5.857020818056668e-03 3.838308134018630e-15
6.579332246575682e-03 3.837424206607937e-15
7.390722033525776e-03 3.835323861136324e-15
8.302175681319744e-03 3.831669486664711e-15
9.326033468832200e-03 3.825845370958534e-15
1.047615752789665e-02 3.805283471780392e-15
1.176811952434998e-02 3.766517246665922e-15
1.321941148466029e-02 3.707451215047965e-15
1.484968262254465e-02 3.625113414730098e-15
1.668100537200059e-02 3.517032412820234e-15
1.873817422860383e-02 3.381775321634281e-15
2.104904144512020e-02 3.219099431822351e-15
2.364489412645407e-02 3.030352272939762e-15
2.656087782946687e-02 2.818348643468284e-15
2.983647240283340e-02 2.587077966269734e-15
3.351602650938841e-02 2.341486615311766e-15
3.764935806792467e-02 2.087225486010630e-15
4.229242874389499e-02 1.830352459971281e-15
4.750810162102798e-02 1.577001630389889e-15
5.336699231206307e-02 1.333041341589805e-15
5.994842503189409e-02 1.103747973137472e-15
6.734150657750822e-02 8.935231225371920e-16
7.564633275546291e-02 7.056786253577648e-16
8.497534359086438e-02 5.423072646377535e-16
9.545484566618337e-02 4.042481120988343e-16
1.072267222010323e-01 2.911455758516447e-16
1.204503540258782e-01 2.015918010751593e-16
1.353047774579806e-01 1.333342667358948e-16
1.519911082952933e-01 8.352510589098408e-17
1.707352647470690e-01 4.898641480143936e-17
1.917910261672489e-01 2.646686296136466e-17
2.154434690031884e-01 1.286905342691501e-17
2.420128264794381e-01 5.434877363001166e-18
2.718588242732940e-01 1.886650239047461e-18
3.053855508833416e-01 4.955247276606174e-19
3.430469286314919e-01 9.805838375830977e-20
3.853528593710527e-01 1.807631745851272e-20
4.328761281083057e-01 1.739474768790689e-21
4.862601580065353e-01 9.089056488169878e-23
5.462277217684343e-01 1.440324959245507e-24
6.135907273413169e-01 -2.078446175544076e-28
6.892612104349695e-01 -1.679806285973978e-29
7.742636826811270e-01 4.231751369163519e-55
8.697490026177834e-01 1.747004184685613e-59
9.770099572992247e-01 0.000000000000000e+00
1.097498765493057e+00 0.000000000000000e+00
1.232846739442066e+00 0.000000000000000e+00
1.384886371393872e+00 0.000000000000000e+00
1.555676143930472e+00 0.000000000000000e+00
1.747528400007683e+00 0.000000000000000e+00
1.963040650040272e+00 0.000000000000000e+00
2.205130739903046e+00 0.000000000000000e+00
2.477076355991709e+00 0.000000000000000e+00
2.782559402207126e+00 0.000000000000000e+00
3.125715849688235e+00 0.000000000000000e+00
3.511191734215128e+00 0.000000000000000e+00
3.944206059437656e+00 0.000000000000000e+00
4.430621457583878e+00 0.000000000000000e+00
4.977023564332113e+00 0.000000000000000e+00
5.590810182512223e+00 0.000000000000000e+00
6.280291441834247e+00 0.000000000000000e+00
7.054802310718645e+00 0.000000000000000e+00
7.924828983539170e+00 0.000000000000000e+00
8.902150854450392e+00 0.000000000000000e+00
1.000000000000000e+01 0.000000000000000e+00
