1.000000000000000e+17 7.205797164893462e+14
1.097498765493059e+17 5.477799932333505e+14
1.204503540258779e+17 4.133753771316796e+14
1.321941148466029e+17 3.098014864881349e+14
1.450828778495943e+17 2.306691972803703e+14
1.592282793341087e+17 1.707668172864054e+14
1.747528400007683e+17 1.257660796473930e+14
1.917910261672493e+17 9.223552952901441e+13
2.104904144512013e+17 6.745849364117518e+13
2.310129700083158e+17 4.926178233132186e+13
2.535364493970116e+17 3.602821300802905e+13
2.782559402207115e+17 2.643686929165855e+13
3.053855508833412e+17 1.952274055336163e+13
3.351602650938848e+17 1.458088500029871e+13
3.678379771828650e+17 1.104038885336071e+13
4.037017258596550e+17 8.543324559317057e+12
4.430621457583887e+17 6.755930421383460e+12
4.862601580065373e+17 5.469414109793915e+12
5.336699231206301e+17 4.555486053620758e+12
5.857020818056673e+17 3.878057152410465e+12
6.428073117284346e+17 3.399341642066369e+12
7.054802310718630e+17 3.027469445281158e+12
7.742636826811278e+17 2.726275105300635e+12
8.497534359086473e+17 2.492355848393816e+12
9.326033468832180e+17 2.303734591186749e+12
1.023531021899027e+18 2.120896746634918e+12
1.123324032978031e+18 1.964108267877809e+12
1.232846739442063e+18 1.808341125092184e+12
1.353047774579807e+18 1.670635812551376e+12
1.484968262254470e+18 1.528515772401431e+12
1.629750834620640e+18 1.410461170228370e+12
1.788649529057435e+18 1.287289297961285e+12
1.963040650040276e+18 1.160196574384870e+12
2.154434690031878e+18 1.046926835042420e+12
2.364489412645407e+18 9.307563859461958e+11
2.595024211399742e+18 8.367855088358289e+11
2.848035868435793e+18 7.411479714438086e+11
3.125715849688235e+18 6.453597970806719e+11
3.430469286314926e+18 5.639002665982229e+11
3.764935806792456e+18 4.953765282550667e+11
4.132012400115335e+18 4.221099282506230e+11
4.534878508128591e+18 3.618282960171072e+11
4.977023564332093e+18 3.030157602515186e+11
5.462277217684337e+18 2.562047114572372e+11
5.994842503189421e+18 2.104725666594590e+11
6.579332246575709e+18 1.797178426885154e+11
7.220809018385456e+18 1.492165796488186e+11
7.924828983539186e+18 1.194814575259704e+11
8.697490026177799e+18 9.770905300668170e+10
9.545484566618327e+18 8.228302210474634e+10
1.047615752789666e+19 6.396948826042252e+10
1.149756995397740e+19 5.124807226862112e+10
1.261856883066018e+19 3.845784749923663e+10
1.384886371393875e+19 3.013029234961213e+10
1.519911082952939e+19 2.151331390442532e+10
1.668100537200056e+19 1.790410460989902e+10
1.830738280295370e+19 1.358896878087690e+10
2.009233002565054e+19 9.029564641056391e+09
2.205130739903041e+19 6.566501745902494e+09
2.420128264794384e+19 3.910308284770124e+09
2.656087782946695e+19 3.255538832242669e+09
2.915053062825170e+19 2.221594429694751e+09
3.199267137797385e+19 1.120706857538193e+09
3.511191734215142e+19 6.914095671531456e+08
3.853528593710520e+19 5.807057913193617e+08
4.229242874389499e+19 2.240289815919991e+08
4.641588833612792e+19 1.169346613375384e+08
5.094138014816365e+19 2.702968226437107e+07
5.590810182512223e+19 9.746236649955906e+06
6.135907273413188e+19 7.714419640103258e+05
6.734150657750856e+19 7.405328060650016e+05
7.390722033525775e+19 9.572747860566786e+04
8.111308307896889e+19 1.472372108307150e+02
8.902150854450356e+19 0.000000000000000e+00
9.770099572992246e+19 0.000000000000000e+00
1.072267222010325e+20 0.000000000000000e+00
1.176811952435004e+20 0.000000000000000e+00
1.291549665014883e+20 0.000000000000000e+00
1.417474162926808e+20 0.000000000000000e+00
1.555676143930466e+20 0.000000000000000e+00
1.707352647470689e+20 0.000000000000000e+00
1.873817422860387e+20 0.000000000000000e+00
2.056512308348660e+20 0.000000000000000e+00
2.257019719633917e+20 0.000000000000000e+00
2.477076355991714e+20 0.000000000000000e+00
2.718588242732951e+20 0.000000000000000e+00
2.983647240283334e+20 0.000000000000000e+00
3.274549162877731e+20 0.000000000000000e+00
3.593813663804640e+20 0.000000000000000e+00
3.944206059437648e+20 0.000000000000000e+00
4.328761281083062e+20 0.000000000000000e+00
4.750810162102813e+20 0.000000000000000e+00
5.214008287999674e+20 0.000000000000000e+00
5.722367659350220e+20 0.000000000000000e+00
6.280291441834272e+20 0.000000000000000e+00
6.892612104349681e+20 0.000000000000000e+00
7.564633275546290e+20 0.000000000000000e+00
8.302175681319769e+20 0.000000000000000e+00
9.111627561154869e+20 0.000000000000000e+00
1.000000000000000e+21 0.000000000000000e+00
