1.000000000000000e+17 1.302211631779241e-56
1.097498765493059e+17 1.273535662928470e-56
1.204503540258779e+17 1.240564936730637e-56
1.321941148466029e+17 1.208722336400319e-56
1.450828778495943e+17 1.173312776483173e-56
1.592282793341087e+17 1.142045202068414e-56
1.747528400007683e+17 1.106104272410592e-56
1.917910261672493e+17 1.064949952501044e-56
2.104904144512013e+17 1.024377184079257e-56
2.310129700083158e+17 9.794459842364223e-57
2.535364493970116e+17 9.388534564955446e-57
2.782559402207115e+17 8.936089969032289e-57
3.053855508833412e+17 8.438885050932603e-57
3.351602650938848e+17 7.959117217220143e-57
3.678379771828650e+17 7.444938944768674e-57
4.037017258596550e+17 6.990001379175753e-57
4.430621457583887e+17 6.504720299371853e-57
4.862601580065373e+17 5.995083666815642e-57
5.336699231206301e+17 5.523095066920555e-57
5.857020818056673e+17 5.035160733129929e-57
6.428073117284346e+17 4.622123299496615e-57
7.054802310718630e+17 4.198123784625543e-57
7.742636826811278e+17 3.768851583936552e-57
8.497534359086473e+17 3.389569500847787e-57
9.326033468832180e+17 3.057703843892381e-57
1.023531021899027e+18 2.703834764846739e-57
1.123324032978031e+18 2.398835079537945e-57
1.232846739442063e+18 2.097087782383653e-57
1.353047774579807e+18 1.843142610502707e-57
1.484968262254470e+18 1.591974870090526e-57
1.629750834620640e+18 1.405053694753370e-57
1.788649529057435e+18 1.219272170866593e-57
1.963040650040276e+18 1.037013842688578e-57
2.154434690031878e+18 8.915923152980999e-58
2.364489412645407e+18 7.479453559672180e-58
2.595024211399742e+18 6.506083899946513e-58
2.848035868435793e+18 5.525650400743586e-58
3.125715849688235e+18 4.557292155680144e-58
3.430469286314926e+18 3.832390952353146e-58
3.764935806792456e+18 3.301374808365798e-58
4.132012400115335e+18 2.673161578813948e-58
4.534878508128591e+18 2.219162172085553e-58
4.977023564332093e+18 1.760698520503533e-58
5.462277217684337e+18 1.443908487347574e-58
5.994842503189421e+18 1.117168173607568e-58
6.579332246575709e+18 9.543405593072567e-59
7.220809018385456e+18 7.699908852484563e-59
7.924828983539186e+18 5.774314126589157e-59
8.697490026177799e+18 4.575700054452624e-59
9.545484566618327e+18 3.883000292506549e-59
1.047615752789666e+19 2.798415682054722e-59
1.149756995397740e+19 2.163163907915754e-59
1.261856883066018e+19 1.477053817753831e-59
1.384886371393875e+19 1.107110174094130e-59
1.519911082952939e+19 7.015665962416536e-60
1.668100537200056e+19 5.938192967004456e-60
1.830738280295370e+19 4.258954801565170e-60
2.009233002565054e+19 2.435276957044019e-60
2.205130739903041e+19 1.642679116200913e-60
2.420128264794384e+19 8.022371598189111e-61
2.656087782946695e+19 6.793245939460438e-61
2.915053062825170e+19 4.169575074637377e-61
3.199267137797385e+19 1.599729299660818e-61
3.511191734215142e+19 8.408948099703620e-62
3.853528593710520e+19 7.124978928068913e-62
4.229242874389499e+19 1.808808495339169e-62
4.641588833612792e+19 7.087291487696194e-63
5.094138014816365e+19 7.871085408459704e-64
5.590810182512223e+19 1.425258372767650e-64
6.135907273413188e+19 3.037624729866598e-66
6.734150657750856e+19 2.975155421535615e-66
7.390722033525775e+19 9.939199672411933e-68
8.111308307896889e+19 2.792903310779341e-72
8.902150854450356e+19 0.000000000000000e+00
9.770099572992246e+19 0.000000000000000e+00
1.072267222010325e+20 0.000000000000000e+00
1.176811952435004e+20 0.000000000000000e+00
1.291549665014883e+20 0.000000000000000e+00
1.417474162926808e+20 0.000000000000000e+00
1.555676143930466e+20 0.000000000000000e+00
1.707352647470689e+20 0.000000000000000e+00
1.873817422860387e+20 0.000000000000000e+00
2.056512308348660e+20 0.000000000000000e+00
2.257019719633917e+20 0.000000000000000e+00
2.477076355991714e+20 0.000000000000000e+00
2.718588242732951e+20 0.000000000000000e+00
2.983647240283334e+20 0.000000000000000e+00
3.274549162877731e+20 0.000000000000000e+00
3.593813663804640e+20 0.000000000000000e+00
3.944206059437648e+20 0.000000000000000e+00
4.328761281083062e+20 0.000000000000000e+00
4.750810162102813e+20 0.000000000000000e+00
5.214008287999674e+20 0.000000000000000e+00
5.722367659350220e+20 0.000000000000000e+00
6.280291441834272e+20 0.000000000000000e+00
6.892612104349681e+20 0.000000000000000e+00
7.564633275546290e+20 0.000000000000000e+00
8.302175681319769e+20 0.000000000000000e+00
9.111627561154869e+20 0.000000000000000e+00
1.000000000000000e+21 0.000000000000000e+00
