1.000000000000000e-04 1.128135599792708e-19 8.723751601256583e-19 2.159343976430518e-18 3.883655502736829e-18 6.030700302511072e-18 8.326135441006137e-18 1.147203183665384e-17 1.493598240334231e-17 1.929624495636522e-17 2.435516050459673e-17 5.141527441682656e-17 4.047811048383516e-17 4.328242694744429e-17 4.983077850347299e-17 5.142378302848538e-17 5.249113886299124e-17 5.333159740338683e-17 5.508277272328170e-17 1.222093046083311e-16 1.870685447323224e-16 2.468875803388296e-16 5.559246907959953e-16
1.123324032978028e-04 1.128135599792708e-19 8.723751601256583e-19 2.159343976430518e-18 3.883655502736829e-18 6.030700302511072e-18 8.326135441006137e-18 1.147203183665384e-17 1.493598240334231e-17 1.929624495636522e-17 2.435516050459673e-17 5.141527441682656e-17 4.047811048383516e-17 4.328242694744429e-17 4.983077850347299e-17 5.142378302848538e-17 5.249113886299124e-17 5.333159740338683e-17 5.508277272328170e-17 1.222093046083311e-16 1.870685447323224e-16 2.468875803388296e-16 5.559246907959953e-16
1.261856883066021e-04 1.128135599792708e-19 8.723751601256583e-19 2.159343976430518e-18 3.883655502736829e-18 6.030700302511072e-18 8.326135441006137e-18 1.147203183665384e-17 1.493598240334231e-17 1.929624495636522e-17 2.435516050459673e-17 5.141527441682656e-17 4.047811048383516e-17 4.328242694744429e-17 4.983077850347299e-17 5.142378302848538e-17 5.249113886299124e-17 5.333159740338683e-17 5.508277272328170e-17 1.222093046083311e-16 1.870685447323224e-16 2.468875803388296e-16 5.559246907959953e-16
1.417474162926805e-04 1.128135599792708e-19 8.723751601256583e-19 2.159343976430518e-18 3.883655502736829e-18 6.030700302511072e-18 8.326135441006137e-18 1.147203183665384e-17 1.493598240334231e-17 1.929624495636522e-17 2.435516050459673e-17 5.141527441682656e-17 4.047811048383516e-17 4.328242694744429e-17 4.983077850347299e-17 5.142378302848538e-17 5.249113886299124e-17 5.333159740338683e-17 5.508277272328170e-17 1.222093046083311e-16 1.870685447323224e-16 2.468875803388296e-16 5.559246907959953e-16
1.592282793341092e-04 1.128135599792708e-19 8.723751601256583e-19 2.159343976430518e-18 3.883655502736829e-18 6.030700302511072e-18 8.326135441006137e-18 1.147203183665384e-17 1.493598240334231e-17 1.929624495636522e-17 2.435516050459673e-17 5.141527441682656e-17 4.047811048383516e-17 4.328242694744429e-17 4.983077850347299e-17 5.142378302848538e-17 5.249113886299124e-17 5.333159740338683e-17 5.508277272328170e-17 1.222093046083311e-16 1.870685447323224e-16 2.468875803388296e-16 5.559246907959953e-16
1.788649529057435e-04 1.128135599792708e-19 8.723751601256583e-19 2.159343976430518e-18 3.883655502736829e-18 6.030700302511072e-18 8.326135441006137e-18 1.147203183665384e-17 1.493598240334231e-17 1.929624495636522e-17 2.435516050459673e-17 5.141527441682656e-17 4.047811048383516e-17 4.328242694744429e-17 4.983077850347299e-17 5.142378302848538e-17 5.249113886299124e-17 5.333159740338683e-17 5.508277272328170e-17 1.222093046083311e-16 1.870685447323224e-16 2.468875803388296e-16 5.559246907959953e-16
2.009233002565048e-04 1.128135599792708e-19 8.723751601256583e-19 2.159343976430518e-18 3.883655502736829e-18 6.030700302511072e-18 8.326135441006137e-18 1.147203183665384e-17 1.493598240334231e-17 1.929624495636522e-17 2.435516050459673e-17 5.141527441682656e-17 4.047811048383516e-17 4.328242694744429e-17 4.983077850347299e-17 5.142378302848538e-17 5.249113886299124e-17 5.333159740338683e-17 5.508277272328170e-17 1.222093046083311e-16 1.870685447323224e-16 2.468875803388296e-16 5.559246907959953e-16
2.257019719633919e-04 1.128135599792708e-19 8.723751601256583e-19 2.159343976430518e-18 3.883655502736829e-18 6.030700302511072e-18 8.326135441006137e-18 1.147203183665384e-17 1.493598240334231e-17 1.929624495636522e-17 2.435516050459673e-17 5.141527441682656e-17 4.047811048383516e-17 4.328242694744429e-17 4.983077850347299e-17 5.142378302848538e-17 5.249113886299124e-17 5.333159740338683e-17 5.508277272328170e-17 1.222093046083311e-16 1.870685447323224e-16 2.468875803388296e-16 5.559246907959953e-16
2.535364493970111e-04 1.128135599792708e-19 8.723751601256583e-19 2.159343976430518e-18 3.883655502736829e-18 6.030700302511072e-18 8.326135441006137e-18 1.147203183665384e-17 1.493598240334231e-17 1.929624495636522e-17 2.435516050459673e-17 5.141527441682656e-17 4.047811048383516e-17 4.328242694744429e-17 4.983077850347299e-17 5.142378302848538e-17 5.249113886299124e-17 5.333159740338683e-17 5.508277272328170e-17 1.222093046083311e-16 1.870685447323224e-16 2.468875803388296e-16 5.559246907959953e-16
2.848035868435802e-04 1.128135599792708e-19 8.723751601256583e-19 2.159343976430518e-18 3.883655502736829e-18 6.030700302511072e-18 8.326135441006137e-18 1.147203183665384e-17 1.493598240334231e-17 1.929624495636522e-17 2.435516050459673e-17 5.141527441682656e-17 4.047811048383516e-17 4.328242694744429e-17 4.983077850347299e-17 5.142378302848538e-17 5.249113886299124e-17 5.333159740338683e-17 5.508277272328170e-17 1.222093046083311e-16 1.870685447323224e-16 2.468875803388296e-16 5.559246907959953e-16
3.199267137797384e-04 1.128135599792708e-19 8.723751601256583e-19 2.159343976430518e-18 3.883655502736829e-18 6.030700302511072e-18 8.326135441006137e-18 1.147203183665384e-17 1.493598240334231e-17 1.929624495636522e-17 2.435516050459673e-17 5.141527441682656e-17 4.047811048383516e-17 4.328242694744429e-17 4.983077850347299e-17 5.142378302848538e-17 5.249113886299124e-17 5.333159740338683e-17 5.508277272328170e-17 1.222093046083311e-16 1.870685447323224e-16 2.468875803388296e-16 5.559246907959953e-16
3.593813663804626e-04 1.128135599792708e-19 8.723751601256583e-19 2.159343976430518e-18 3.883655502736829e-18 6.030700302511072e-18 8.326135441006137e-18 1.147203183665384e-17 1.493598240334231e-17 1.929624495636522e-17 2.435516050459673e-17 5.141527441682656e-17 4.047811048383516e-17 4.328242694744429e-17 4.983077850347299e-17 5.142378302848538e-17 5.249113886299124e-17 5.333159740338683e-17 5.508277272328170e-17 1.222093046083311e-16 1.870685447323224e-16 2.468875803388296e-16 5.559246907959953e-16
4.037017258596554e-04 1.128135599792708e-19 8.723751601256583e-19 2.159343976430518e-18 3.883655502736829e-18 6.030700302511072e-18 8.326135441006137e-18 1.147203183665384e-17 1.493598240334231e-17 1.929624495636522e-17 2.435516050459673e-17 5.141527441682656e-17 4.047811048383516e-17 4.328242694744429e-17 4.983077850347299e-17 5.142378302848538e-17 5.249113886299124e-17 5.333159740338683e-17 5.508277272328170e-17 1.222093046083311e-16 1.870685447323224e-16 2.468875803388296e-16 5.559246907959953e-16
4.534878508128582e-04 1.128135599792708e-19 8.723751601256583e-19 2.159343976430518e-18 3.883655502736829e-18 6.030700302511072e-18 8.326135441006137e-18 1.147203183665384e-17 1.493598240334231e-17 1.929624495636522e-17 2.435516050459673e-17 5.141527441682656e-17 4.047811048383516e-17 4.328242694744429e-17 4.983077850347299e-17 5.142378302848538e-17 5.249113886299124e-17 5.333159740338683e-17 5.508277272328170e-17 1.222093046083311e-16 1.870685447323224e-16 2.468875803388296e-16 5.559246907959953e-16
5.094138014816380e-04 1.128135599792708e-19 8.723751601256583e-19 2.159343976430518e-18 3.883655502736829e-18 6.030700302511072e-18 8.326135441006137e-18 1.147203183665384e-17 1.493598240334231e-17 1.929624495636522e-17 2.435516050459673e-17 5.141527441682656e-17 4.047811048383516e-17 4.328242694744429e-17 4.983077850347299e-17 5.142378302848538e-17 5.249113886299124e-17 5.333159740338683e-17 5.508277272328170e-17 1.222093046083311e-16 1.870685447323224e-16 2.468875803388296e-16 5.559246907959953e-16
5.722367659350221e-04 1.128135599792708e-19 8.723751601256583e-19 2.159343976430518e-18 3.883655502736829e-18 6.030700302511072e-18 8.326135441006137e-18 1.147203183665384e-17 1.493598240334231e-17 1.929624495636522e-17 2.435516050459673e-17 5.141527441682656e-17 4.047811048383516e-17 4.328242694744429e-17 4.983077850347299e-17 5.142378302848538e-17 5.249113886299124e-17 5.333159740338683e-17 5.508277272328170e-17 1.222093046083311e-16 1.870685447323224e-16 2.468875803388296e-16 5.559246907959953e-16
6.428073117284319e-04 1.128135599792708e-19 8.723751601256583e-19 2.159343976430518e-18 3.883655502736829e-18 6.030700302511072e-18 8.326135441006137e-18 1.147203183665384e-17 1.493598240334231e-17 1.929624495636522e-17 2.435516050459673e-17 5.141527441682656e-17 4.047811048383516e-17 4.328242694744429e-17 4.983077850347299e-17 5.142378302848538e-17 5.249113886299124e-17 5.333159740338683e-17 5.508277272328170e-17 1.222093046083311e-16 1.870685447323224e-16 2.468875803388296e-16 5.559246907959953e-16
7.220809018385464e-04 1.128135599792708e-19 8.723751601256583e-19 2.159343976430518e-18 3.883655502736829e-18 6.030700302511072e-18 8.326135441006137e-18 1.147203183665384e-17 1.493598240334231e-17 1.929624495636522e-17 2.435516050459673e-17 5.141527441682656e-17 4.047811048383516e-17 4.328242694744429e-17 4.983077850347299e-17 5.142378302848538e-17 5.249113886299124e-17 5.333159740338683e-17 5.508277272328170e-17 1.222093046083311e-16 1.870685447323224e-16 2.468875803388296e-16 5.559075974503622e-16
8.111308307896872e-04 1.128135599792708e-19 8.723751601256583e-19 2.159343976430518e-18 3.883655502736829e-18 6.030700302511072e-18 8.326135441006137e-18 1.147203183665384e-17 1.493598240334231e-17 1.929624495636522e-17 2.435516050459673e-17 5.141527441682656e-17 4.047811048383516e-17 4.328242694744429e-17 4.983077850347299e-17 5.142378302848538e-17 5.249113886299124e-17 5.333159740338683e-17 5.508277272328170e-17 1.222093046083311e-16 1.870685447323224e-16 2.468875803388296e-16 5.556338910105789e-16
9.111627561154887e-04 1.128135599792708e-19 8.723751601256583e-19 2.159343976430518e-18 3.883655502736829e-18 6.030700302511072e-18 8.326135441006137e-18 1.147203183665384e-17 1.493598240334231e-17 1.929624495636522e-17 2.435516050459673e-17 5.141527441682656e-17 4.047811048383516e-17 4.328242694744429e-17 4.983077850347299e-17 5.142378302848538e-17 5.249113886299124e-17 5.333159740338683e-17 5.508277272328170e-17 1.222093046083311e-16 1.870685447323224e-16 2.468875803388296e-16 5.548360328590520e-16
1.023531021899027e-03 1.128135599792708e-19 8.723751601256583e-19 2.159343976430518e-18 3.883655502736829e-18 6.030700302511072e-18 8.326135441006137e-18 1.147203183665384e-17 1.493598240334231e-17 1.929624495636522e-17 2.435516050459673e-17 5.141527441682656e-17 4.047811048383516e-17 4.328242694744429e-17 4.983077850347299e-17 5.142378302848538e-17 5.249113886299124e-17 5.333159740338683e-17 5.508277272328170e-17 1.222093046083311e-16 1.870685447323224e-16 2.468875803388296e-16 5.533283978980341e-16
1.149756995397736e-03 1.128135599792708e-19 8.723751601256583e-19 2.159343976430518e-18 3.883655502736829e-18 6.030700302511072e-18 8.326135441006137e-18 1.147203183665384e-17 1.493598240334231e-17 1.929624495636522e-17 2.435516050459673e-17 5.141527441682656e-17 4.047811048383516e-17 4.328242694744429e-17 4.983077850347299e-17 5.142378302848538e-17 5.249113886299124e-17 5.333159740338683e-17 5.508277272328170e-17 1.222093046083311e-16 1.870685447323224e-16 2.468875803388296e-16 5.509601818074569e-16
1.291549665014884e-03 1.128135599792708e-19 8.723751601256583e-19 2.159343976430518e-18 3.883655502736829e-18 6.030700302511072e-18 8.326135441006137e-18 1.147203183665384e-17 1.493598240334231e-17 1.929624495636522e-17 2.435516050459673e-17 5.141527441682656e-17 4.047811048383516e-17 4.328242694744429e-17 4.983077850347299e-17 5.142378302848538e-17 5.249113886299124e-17 5.333159740338683e-17 5.508277272328170e-17 1.222093046083311e-16 1.870685447323224e-16 2.468875803388296e-16 5.476046416879038e-16
1.450828778495940e-03 1.128135599792708e-19 8.723751601256583e-19 2.159343976430518e-18 3.883655502736829e-18 6.030700302511072e-18 8.326135441006137e-18 1.147203183665384e-17 1.493598240334231e-17 1.929624495636522e-17 2.435516050459673e-17 5.141527441682656e-17 4.047811048383516e-17 4.328242694744429e-17 4.983077850347299e-17 5.142378302848538e-17 5.249113886299124e-17 5.333159740338683e-17 5.508277272328170e-17 1.222093046083311e-16 1.870685447323224e-16 2.468875803388296e-16 5.431553831741273e-16
1.629750834620644e-03 1.128135599792708e-19 8.723751601256583e-19 2.159343976430518e-18 3.883655502736829e-18 6.030700302511072e-18 8.326135441006137e-18 1.147203183665384e-17 1.493598240334231e-17 1.929624495636522e-17 2.435516050459673e-17 5.141527441682656e-17 4.047811048383516e-17 4.328242694744429e-17 4.983077850347299e-17 5.142378302848538e-17 5.249113886299124e-17 5.333159740338683e-17 5.508277272328170e-17 1.222093046083311e-16 1.870685447323224e-16 2.468875803388296e-16 5.375251118171048e-16
1.830738280295368e-03 1.128135599792708e-19 8.723751601256583e-19 2.159343976430518e-18 3.883655502736829e-18 6.030700302511072e-18 8.326135441006137e-18 1.147203183665384e-17 1.493598240334231e-17 1.929624495636522e-17 2.435516050459673e-17 5.141527441682656e-17 4.047811048383516e-17 4.328242694744429e-17 4.983077850347299e-17 5.142378302848538e-17 5.249113886299124e-17 5.333159740338683e-17 5.508277272328170e-17 1.222093046083311e-16 1.870685447323224e-16 2.468543319433216e-16 5.306454607623877e-16
2.056512308348652e-03 1.128135599792708e-19 8.723751601256583e-19 2.159343976430518e-18 3.883655502736829e-18 6.030700302511072e-18 8.326135441006137e-18 1.147203183665384e-17 1.493598240334231e-17 1.929624495636522e-17 2.435516050459673e-17 5.141527441682656e-17 4.047811048383516e-17 4.328242694744429e-17 4.983077850347299e-17 5.142378302848538e-17 5.249113886299124e-17 5.333159740338683e-17 5.508277272328170e-17 1.222093046083311e-16 1.870685447323224e-16 2.465505230446874e-16 5.224673019853088e-16
2.310129700083158e-03 1.128135599792708e-19 8.723751601256583e-19 2.159343976430518e-18 3.883655502736829e-18 6.030700302511072e-18 8.326135441006137e-18 1.147203183665384e-17 1.493598240334231e-17 1.929624495636522e-17 2.435516050459673e-17 5.141527441682656e-17 4.047811048383516e-17 4.328242694744429e-17 4.983077850347299e-17 5.142378302848538e-17 5.249113886299124e-17 5.333159740338683e-17 5.508277272328170e-17 1.222093046083311e-16 1.870671900850177e-16 2.458122348724689e-16 5.129612280221222e-16
2.595024211399737e-03 1.128135599792708e-19 8.723751601256583e-19 2.159343976430518e-18 3.883655502736829e-18 6.030700302511072e-18 8.326135441006137e-18 1.147203183665384e-17 1.493598240334231e-17 1.929624495636522e-17 2.435516050459673e-17 5.141527441682656e-17 4.047811048383516e-17 4.328242694744429e-17 4.983077850347299e-17 5.142378302848538e-17 5.249113886299124e-17 5.333159740338683e-17 5.508277272328170e-17 1.222093046083311e-16 1.869091727646368e-16 2.445440301841088e-16 5.021180118205370e-16
2.915053062825176e-03 1.128135599792708e-19 8.723751601256583e-19 2.159343976430518e-18 3.883655502736829e-18 6.030700302511072e-18 8.326135441006137e-18 1.147203183665384e-17 1.493598240334231e-17 1.929624495636522e-17 2.435516050459673e-17 5.141527441682656e-17 4.047811048383516e-17 4.328242694744429e-17 4.983077850347299e-17 5.142378302848538e-17 5.249113886299124e-17 5.333159740338683e-17 5.508277272328170e-17 1.222093046083311e-16 1.863836659777435e-16 2.426765518585410e-16 4.899489136458713e-16
3.274549162877729e-03 1.128135599792708e-19 8.723751601256583e-19 2.159343976430518e-18 3.883655502736829e-18 6.030700302511072e-18 8.326135441006137e-18 1.147203183665384e-17 1.493598240334231e-17 1.929624495636522e-17 2.435516050459673e-17 5.141527441682656e-17 4.047811048383516e-17 4.328242694744429e-17 4.983077850347299e-17 5.142378302848538e-17 5.249113886299124e-17 5.333159740338683e-17 5.508277272328170e-17 1.222093046083311e-16 1.854043559070184e-16 2.401585963591652e-16 4.764857405693386e-16
3.678379771828634e-03 1.128135599792708e-19 8.723751601256583e-19 2.159343976430518e-18 3.883655502736829e-18 6.030700302511072e-18 8.326135441006137e-18 1.147203183665384e-17 1.493598240334231e-17 1.929624495636522e-17 2.435516050459673e-17 5.141527441682656e-17 4.047811048383516e-17 4.328242694744429e-17 4.983077850347299e-17 5.142378302848538e-17 5.249113886299124e-17 5.333159740338683e-17 5.508277272328170e-17 1.221708474093037e-16 1.839165410225061e-16 2.369542475185998e-16 4.617805898369876e-16
4.132012400115334e-03 1.128135599792708e-19 8.723751601256583e-19 2.159343976430518e-18 3.883655502736829e-18 6.030700302511072e-18 8.326135441006137e-18 1.147203183665384e-17 1.493598240334231e-17 1.929624495636522e-17 2.435516050459673e-17 5.141527441682656e-17 4.047811048383516e-17 4.328242694744429e-17 4.983077850347299e-17 5.142378302848538e-17 5.249113886299124e-17 5.333159740338683e-17 5.508277272328170e-17 1.218970631483947e-16 1.818836456394297e-16 2.330416521426768e-16 4.459052284788682e-16
4.641588833612782e-03 1.128135599792708e-19 8.723751601256583e-19 2.159343976430518e-18 3.883655502736829e-18 6.030700302511072e-18 8.326135441006137e-18 1.147203183665384e-17 1.493598240334231e-17 1.929624495636522e-17 2.435516050459673e-17 5.141527441682656e-17 4.047811048383516e-17 4.328242694744429e-17 4.983077850347299e-17 5.142378302848538e-17 5.249113886299124e-17 5.333159740338683e-17 5.508277272328170e-17 1.213005244520627e-16 1.792831576436802e-16 2.284124188984562e-16 4.289500806440315e-16
5.214008287999685e-03 1.128135599792708e-19 8.723751601256583e-19 2.159343976430518e-18 3.883655502736829e-18 6.030700302511072e-18 8.326135441006137e-18 1.147203183665384e-17 1.493598240334231e-17 1.929624495636522e-17 2.435516050459673e-17 5.141527441682656e-17 4.047811048383516e-17 4.328242694744429e-17 4.983077850347299e-17 5.142378302848538e-17 5.249113886299124e-17 5.333159740338683e-17 5.508277272328170e-17 1.203408889473257e-16 1.761048846255767e-16 2.230712230882394e-16 4.110228125238337e-16
5.857020818056668e-03 1.128135599792708e-19 8.723751601256583e-19 2.159343976430518e-18 3.883655502736829e-18 6.030700302511072e-18 8.326135441006137e-18 1.147203183665384e-17 1.493598240334231e-17 1.929624495636522e-17 2.435516050459673e-17 5.141527441682656e-17 4.047811048383516e-17 4.328242694744429e-17 4.983077850347299e-17 5.142378302848538e-17 5.249113886299124e-17 5.333159740338683e-17 5.508277272328170e-17 1.189936838106825e-16 1.723500089789813e-16 2.170354124482090e-16 3.922465227047596e-16
6.579332246575682e-03 1.128135599792708e-19 8.723751601256583e-19 2.159343976430518e-18 3.883655502736829e-18 6.030700302511072e-18 8.326135441006137e-18 1.147203183665384e-17 1.493598240334231e-17 1.929624495636522e-17 2.435516050459673e-17 5.141527441682656e-17 4.047811048383516e-17 4.328242694744429e-17 4.983077850347299e-17 5.142378302848538e-17 5.249113886299124e-17 5.333159740338683e-17 5.508277272328170e-17 1.172454910657415e-16 1.680304154122901e-16 2.103345027583494e-16 3.727575632515000e-16
7.390722033525776e-03 1.128135599792708e-19 8.723751601256583e-19 2.159343976430518e-18 3.883655502736829e-18 6.030700302511072e-18 8.326135441006137e-18 1.147203183665384e-17 1.493598240334231e-17 1.929624495636522e-17 2.435516050459673e-17 5.141527441682656e-17 4.047811048383516e-17 4.328242694744429e-17 4.983077850347299e-17 5.142378302848538e-17 5.249113886299124e-17 5.333159740338683e-17 5.507367217194594e-17 1.150920988052379e-16 1.631680636152845e-16 2.030095014830853e-16 3.527030333649345e-16
8.302175681319744e-03 1.128135599792708e-19 8.723751601256583e-19 2.159343976430518e-18 3.883655502736829e-18 6.030700302511072e-18 8.326135441006137e-18 1.147203183665384e-17 1.493598240334231e-17 1.929624495636522e-17 2.435516050459673e-17 5.141527441682656e-17 4.047811048383516e-17 4.328242694744429e-17 4.983077850347299e-17 5.142378302848538e-17 5.249113886299124e-17 5.331649172244478e-17 5.500197368464575e-17 1.125375359073627e-16 1.577942967922814e-16 1.951120283292817e-16 3.322380025396508e-16
9.326033468832200e-03 1.128135599792708e-19 8.723751601256583e-19 2.159343976430518e-18 3.883655502736829e-18 6.030700302511072e-18 8.326135441006137e-18 1.147203183665384e-17 1.493598240334231e-17 1.929624495636522e-17 2.435516050459673e-17 5.141527441682656e-17 4.047811048383516e-17 4.328242694744429e-17 4.983077850347299e-17 5.142378302848538e-17 5.247220643536807e-17 5.322414708685354e-17 5.483267047710470e-17 1.095934031060536e-16 1.519490332640036e-16 1.867032233715337e-16 3.115225331499061e-16
1.047615752789665e-02 1.128135599792708e-19 8.723751601256583e-19 2.159343976430518e-18 3.883655502736829e-18 6.030700302511072e-18 8.326135441006137e-18 1.147203183665384e-17 1.493598240334231e-17 1.929624495636522e-17 2.435516050459673e-17 5.141527441682656e-17 4.047811048383516e-17 4.328242694744429e-17 4.983077850347299e-17 5.140980436366425e-17 5.236087247080370e-17 5.302238231188114e-17 5.454441669951944e-17 1.062782768447609e-16 1.456798201243764e-16 1.778524503466650e-16 2.907185827180119e-16
1.176811952434998e-02 1.128135599792708e-19 8.723751601256583e-19 2.159343976430518e-18 3.883655502736829e-18 6.030700302511072e-18 8.326135441006137e-18 1.147203183665384e-17 1.493598240334231e-17 1.929624495636522e-17 2.435516050459673e-17 5.141527441682656e-17 4.047811048383516e-17 4.328242694744429e-17 4.982824984892063e-17 5.129888007449350e-17 5.212613905452389e-17 5.269213250589652e-17 5.412135601331035e-17 1.026170884169135e-16 1.390407483093995e-16 1.686358165623080e-16 2.699868732301897e-16
1.321941148466029e-02 1.128135599792708e-19 8.723751601256583e-19 2.159343976430518e-18 3.883655502736829e-18 6.030700302511072e-18 8.326135441006137e-18 1.147203183665384e-17 1.493598240334231e-17 1.929624495636522e-17 2.435516050459673e-17 5.141527441682656e-17 4.047811048383516e-17 4.328242694744429e-17 4.974983460017258e-17 5.105532433318538e-17 5.175165408374086e-17 5.221980174642357e-17 5.355149348167990e-17 9.864043561454145e-17 1.320912427202018e-16 1.591345422329600e-16 2.494838183471147e-16
1.484968262254465e-02 1.128135599792708e-19 8.723751601256583e-19 2.159343976430518e-18 3.883655502736829e-18 6.030700302511072e-18 8.326135441006137e-18 1.147203183665384e-17 1.493598240334231e-17 1.929624495636522e-17 2.435516050459673e-17 5.141527441682656e-17 4.047811048383516e-17 4.325432322601070e-17 4.953984166440669e-17 5.066430887905569e-17 5.122661593775454e-17 5.159567601566498e-17 5.282609248526073e-17 9.438381230887942e-17 1.248947514966972e-16 1.494332210963250e-16 2.293585989562010e-16
1.668100537200059e-02 1.128135599792708e-19 8.723751601256583e-19 2.159343976430518e-18 3.883655502736829e-18 6.030700302511072e-18 8.326135441006137e-18 1.147203183665384e-17 1.493598240334231e-17 1.929624495636522e-17 2.435516050459673e-17 5.141527441682656e-17 4.047811048383516e-17 4.309834417510389e-17 4.918287147729168e-17 5.011682302675833e-17 5.054408148465729e-17 5.081330584995392e-17 5.193941222399088e-17 8.988675800158270e-17 1.175173661305120e-16 1.396180208105568e-16 2.097504731675109e-16
1.873817422860383e-02 1.128135599792708e-19 8.723751601256583e-19 2.159343976430518e-18 3.883655502736829e-18 6.030700302511072e-18 8.326135441006137e-18 1.147203183665384e-17 1.493598240334231e-17 1.929624495636522e-17 2.435516050459673e-17 5.141527441682656e-17 4.042120949776758e-17 4.280021616248272e-17 4.867022775137824e-17 4.940770317752787e-17 4.970028917796666e-17 4.986920920027462e-17 5.088857572763047e-17 8.519194009241587e-17 1.100264092473063e-16 1.297748757688341e-16 1.907863987096533e-16
2.104904144512020e-02 1.128135599792708e-19 8.723751601256583e-19 2.159343976430518e-18 3.883655502736829e-18 6.030700302511072e-18 8.326135441006137e-18 1.147203183665384e-17 1.493598240334231e-17 1.929624495636522e-17 2.435516050459673e-17 5.141527441682656e-17 4.019182357571639e-17 4.235776750909056e-17 4.799708735180997e-17 4.853487104302038e-17 4.869430381848211e-17 4.876269355731689e-17 4.967348110756699e-17 8.034418876663563e-17 1.024890297607489e-16 1.199877265001812e-16 1.725790340893952e-16
2.364489412645407e-02 1.128135599792708e-19 8.723751601256583e-19 2.159343976430518e-18 3.883655502736829e-18 6.030700302511072e-18 8.326135441006137e-18 1.147203183665384e-17 1.493598240334231e-17 1.929624495636522e-17 2.435516050459673e-17 5.135987159578227e-17 3.981276344915417e-17 4.177103070288543e-17 4.716156304297765e-17 4.749892570945047e-17 4.752777795851452e-17 4.749571505039242e-17 4.829671313381861e-17 7.538950905284272e-17 9.497084581382161e-17 1.103368587433376e-16 1.552251703874801e-16
2.656087782946687e-02 1.128135599792708e-19 8.723751601256583e-19 2.159343976430518e-18 3.883655502736829e-18 6.030700302511072e-18 8.326135441006137e-18 1.147203183665384e-17 1.493598240334231e-17 1.929624495636522e-17 2.435516050459673e-17 5.061424689959161e-17 3.929686593051645e-17 4.104161254955576e-17 4.616422997414830e-17 4.630286034496699e-17 4.620474990226300e-17 4.607273553324306e-17 4.676343219178603e-17 7.037409723066023e-17 8.753467459769859e-17 1.008973916809383e-16 1.388046288887582e-16
2.983647240283340e-02 1.128135599792708e-19 8.723751601256583e-19 2.159343976430518e-18 3.883655502736829e-18 6.030700302511072e-18 8.326135441006137e-18 1.147203183665384e-17 1.493598240334231e-17 1.929624495636522e-17 2.435516050459673e-17 4.966330346927009e-17 3.865265964641163e-17 4.017237448659917e-17 4.500780860223363e-17 4.495181984468866e-17 4.473144284255003e-17 4.450055831128213e-17 4.508122851437507e-17 6.534338964340934e-17 8.023938494291668e-17 9.173795892112854e-17 1.233796417289146e-16
3.351602650938841e-02 1.128135599792708e-19 8.723751601256583e-19 2.159343976430518e-18 3.883655502736829e-18 6.030700302511072e-18 8.326135441006137e-18 1.147203183665384e-17 1.493598240334231e-17 1.929624495636522e-17 2.435516050459673e-17 4.859459195164695e-17 3.788662182905450e-17 3.916719326873256e-17 4.369690299765700e-17 4.345286492606487e-17 4.311604949341680e-17 4.278813385807627e-17 4.325993655840131e-17 6.034117128269540e-17 7.313890374544348e-17 8.291961794661092e-17 1.089947142996237e-16
3.764935806792467e-02 1.128135599792708e-19 8.723751601256583e-19 2.159343976430518e-18 3.883655502736829e-18 6.030700302511072e-18 8.326135441006137e-18 1.147203183665384e-17 1.493598240334231e-17 1.929624495636522e-17 2.388760416295307e-17 4.743364355476481e-17 3.700385205320681e-17 3.803074656671167e-17 4.223775610829279e-17 4.181472927657018e-17 4.136849713421083e-17 4.094633371068121e-17 4.131140955661263e-17 5.540876943923708e-17 6.628140112033452e-17 7.449501435285192e-17 9.567695022365507e-17
4.229242874389499e-02 1.128135599792708e-19 8.723751601256583e-19 2.159343976430518e-18 3.883655502736829e-18 6.030700302511072e-18 8.326135441006137e-18 1.147203183665384e-17 1.472960867551149e-17 1.857327551807547e-17 2.297258317952356e-17 4.618955462574709e-17 3.600828611214978e-17 3.676830875767558e-17 4.063800868444274e-17 4.004756730925232e-17 3.950019457413770e-17 3.898769572411943e-17 3.924925848685163e-17 5.058435445817164e-17 5.970867202192772e-17 6.650781678165463e-17 8.343680318457359e-17
4.750810162102798e-02 1.128135599792708e-19 8.723751601256583e-19 2.159343976430518e-18 3.883655502736829e-18 6.030700302511072e-18 8.301822473074927e-18 1.114613011481767e-17 1.420169040099306e-17 1.790870633737404e-17 2.219047382736781e-17 4.486292487140720e-17 3.490273323307224e-17 3.538555705960363e-17 3.890646119561687e-17 3.816269684974906e-17 3.752376725393045e-17 3.692614784981634e-17 3.708856331451273e-17 4.590236542836016e-17 5.345572432344051e-17 5.899242758393712e-17 7.226920556689770e-17
5.336699231206307e-02 1.128135599792708e-19 8.723751601256583e-19 2.159343976430518e-18 3.883655502736829e-18 5.926801205201248e-18 8.000861272655915e-18 1.075760305022074e-17 1.371761533866313e-17 1.727774312747979e-17 2.143597127594578e-17 4.344843973450728e-17 3.368884472708229e-17 3.388839611994542e-17 3.705284592358454e-17 3.617234595494498e-17 3.545279041886996e-17 3.477672094506919e-17 3.484556751061645e-17 4.139307373125657e-17 4.755057541676270e-17 5.197396348720459e-17 6.215501237796834e-17
5.994842503189409e-02 1.128135599792708e-19 8.723751601256583e-19 2.159343976430518e-18 3.793016421731737e-18 5.702892697779017e-18 7.721977012622472e-18 1.036465177191444e-17 1.322132407362924e-17 1.663430351434334e-17 2.066501832972472e-17 4.193589754398003e-17 3.236707304807719e-17 3.228281527841553e-17 3.508762235465889e-17 3.408941703692698e-17 3.330153343320464e-17 3.255526396348959e-17 3.253736953806077e-17 3.708229204762262e-17 4.201425167076610e-17 4.546849044223414e-17 5.306269073990358e-17
6.734150657750822e-02 1.128135599792708e-19 8.723751601256583e-19 2.100315089186614e-18 3.649011143290457e-18 5.473657379846030e-18 7.416627081087560e-18 9.937944573009717e-18 1.268518267325334e-17 1.594859615813773e-17 1.984505688330765e-17 4.031069305147977e-17 3.093666805508296e-17 3.057479877704710e-17 3.302181421124258e-17 3.192728498482526e-17 3.108473103708590e-17 3.027817724480268e-17 3.018162717828994e-17 3.299123093862395e-17 3.686097793190202e-17 3.948348785894046e-17 4.495018060209197e-17
7.564633275546291e-02 1.128135599792708e-19 8.498801010007459e-19 2.010054577997436e-18 3.479749979646276e-18 5.209024559042403e-18 7.064174663596120e-18 9.456387331973005e-18 1.208621073575041e-17 1.519455332204430e-17 1.894632206060500e-17 3.855417680239283e-17 2.939576029338216e-17 2.877031593686726e-17 3.086691144743568e-17 2.969964920705500e-17 2.881739970460353e-17 2.796218145441680e-17 2.779629212870497e-17 2.913649972581486e-17 3.209853795949132e-17 3.401850999485406e-17 3.776685124991924e-17
8.497534359086438e-02 1.123867068406256e-19 8.102970760916563e-19 1.890437871724399e-18 3.267211427269950e-18 4.891311206627057e-18 6.647379909565748e-18 8.900802989335398e-18 1.140257245106052e-17 1.434704441643754e-17 1.793949356732222e-17 3.664416497323532e-17 2.774159278827280e-17 2.687542597352653e-17 2.863486533587869e-17 2.742046239253429e-17 2.651471913020515e-17 2.562414085632106e-17 2.539939305351553e-17 2.553024328721618e-17 2.772878146865259e-17 2.906600658834838e-17 3.145548047269030e-17
9.545484566618337e-02 1.057208882726567e-19 7.459888547326958e-19 1.729571130276978e-18 2.999223663534052e-18 4.506368175106429e-18 6.150908648720033e-18 8.253517200008986e-18 1.061352624079767e-17 1.338187357191930e-17 1.679575105459749e-17 3.455586649354672e-17 2.597098051057825e-17 2.489654032020942e-17 2.633820897612887e-17 2.510396095207379e-17 2.419199992604134e-17 2.328095972202412e-17 2.300888491620890e-17 2.218040168379785e-17 2.374824940868897e-17 2.461226104698657e-17 2.595418850411222e-17
1.072267222010323e-01 9.106522334247473e-20 6.506775679769373e-19 1.521255406297918e-18 2.667936083589918e-18 4.044030074481475e-18 5.562753600162600e-18 7.500007086079807e-18 9.701172488212023e-18 1.227753405196990e-17 1.548859373771491e-17 3.226354236422849e-17 2.408109774233904e-17 2.284089277098112e-17 2.399033805756890e-17 2.276482273318901e-17 2.186475819505579e-17 2.094956922281334e-17 2.064258046802792e-17 1.909107525028061e-17 2.014888621572237e-17 2.063840257233435e-17 2.119826650197717e-17
1.204503540258782e-01 6.822723387185958e-20 5.250005552552611e-19 1.265988934509992e-18 2.272283100344742e-18 3.500918540235742e-18 4.877346513646804e-18 6.632171951430345e-18 8.653861586091097e-18 1.101870528001838e-17 1.399753713409216e-17 2.974328026190101e-17 2.207071313210137e-17 2.071727157422545e-17 2.160598533635114e-17 2.041847516459290e-17 1.954891456777697e-17 1.864701818176122e-17 1.831817542617851e-17 1.626297381966288e-17 1.691880590040749e-17 1.712144834344037e-17 1.712184871836965e-17
1.353047774579806e-01 4.115079857238494e-20 3.779678926423068e-19 9.740213814275593e-19 1.821753786548733e-18 2.884621051362972e-18 4.100065670829448e-18 5.653135110036119e-18 7.471317494590579e-18 9.601639613127713e-18 1.231394979001951e-17 2.697731816861331e-17 1.994200038342087e-17 1.853706237101813e-17 1.920191324206166e-17 1.808156886666908e-17 1.726112759331744e-17 1.639067309061509e-17 1.605337094393953e-17 1.369392485810729e-17 1.404307770024614e-17 1.403533298531386e-17 1.365938790839912e-17
1.519911082952933e-01 1.687228964009135e-20 2.281101809971228e-19 6.679145186117623e-19 1.340148139349515e-18 2.218330304665502e-18 3.252547738758483e-18 4.583165201525768e-18 6.171231569536318e-18 8.041324045056303e-18 1.044906342091545e-17 2.396032189145603e-17 1.770303112246156e-17 1.631562745118035e-17 1.679782630962630e-17 1.577261389711295e-17 1.501925606912371e-17 1.419851865160340e-17 1.386608373775566e-17 1.137941109621631e-17 1.150449628864477e-17 1.135188463280387e-17 1.074690424407145e-17
1.707352647470690e-01 2.596557022980759e-21 1.011477669429515e-19 3.823084968145226e-19 8.673302011984209e-19 1.544236405308924e-18 2.377389990215330e-18 3.465508615255458e-18 4.796316458686075e-18 6.379579782578220e-18 8.443490833558229e-18 2.070781029720197e-17 1.537097591522111e-17 1.407399141549208e-17 1.441746019377793e-17 1.351274248627155e-17 1.284291786708048e-17 1.208952692456228e-17 1.177471350652727e-17 9.313103324252116e-18 9.284300821619335e-18 9.041709588224387e-18 8.322988474115446e-18
1.917910261672489e-01 0.000000000000000e+00 2.214010379201862e-20 1.583091491620193e-19 4.561892844861800e-19 9.229234999980429e-19 1.539676955912046e-18 2.369719263849619e-18 3.419559986730016e-18 4.692002603358717e-18 6.376281907804194e-18 1.726638019852836e-17 1.297585767373034e-17 1.184069802855517e-17 1.208972646966083e-17 1.132650649540324e-17 1.075406922678339e-17 1.008402780346136e-17 9.798406777850310e-18 7.487348047628622e-18 7.362806179784140e-18 7.074950632967971e-18 6.329549972865787e-18
2.154434690031884e-01 0.000000000000000e+00 2.293926836613277e-23 3.016106494331576e-20 1.617221037278279e-19 4.252451278655839e-19 8.216561487837489e-19 1.388727924711461e-18 2.143856091778618e-18 3.089937517664561e-18 4.369642615077228e-18 1.372433977321277e-17 1.056437110267960e-17 9.653529780183540e-18 9.849673051731907e-18 9.242533908469124e-18 8.777464298445257e-18 8.203963855142932e-18 7.957214762094231e-18 5.893562792051330e-18 5.719908775810859e-18 5.421887620195632e-18 4.712309699828300e-18
2.420128264794381e-01 0.000000000000000e+00 0.000000000000000e+00 0.000000000000000e+00 1.910727437512931e-20 1.129798519504304e-19 3.063224401509809e-19 6.249370799263455e-19 1.090803838233881e-18 1.711947144723622e-18 2.583284143218068e-18 1.021970761846205e-17 8.202771504540811e-18 7.560533542200466e-18 7.738858307767981e-18 7.293756202166993e-18 6.940770268380664e-18 6.472850121050730e-18 6.271992183951569e-18 4.522485152743492e-18 4.335429186029775e-18 4.053353840102635e-18 3.421047514176487e-18
2.718588242732940e-01 0.000000000000000e+00 0.000000000000000e+00 0.000000000000000e+00 0.000000000000000e+00 3.323031743567489e-21 4.542059525676737e-20 1.603885419015129e-19 3.728532757481667e-19 6.981864869419059e-19 1.190727786839910e-18 6.940397098967393e-18 5.977179473113117e-18 5.619498835722417e-18 5.804554629306601e-18 5.516792026981717e-18 5.274020013282507e-18 4.915194524651153e-18 4.763833580276233e-18 3.364218255436239e-18 3.189256913804126e-18 2.940949617605055e-18 2.409623941875380e-18
3.053855508833416e-01 0.000000000000000e+00 0.000000000000000e+00 0.000000000000000e+00 0.000000000000000e+00 0.000000000000000e+00 0.000000000000000e+00 4.273471822861103e-21 4.252316636494043e-20 1.409294648018134e-19 3.294536463292951e-19 4.109356491194752e-18 3.989013868447729e-18 3.894780748150821e-18 4.097058021105756e-18 3.949974870152854e-18 3.808013790521168e-18 3.555092640036314e-18 3.452814885989408e-18 2.408021126782178e-18 2.261272990587311e-18 2.057048750125720e-18 1.635810109662566e-18
3.430469286314919e-01 0.000000000000000e+00 0.000000000000000e+00 0.000000000000000e+00 0.000000000000000e+00 0.000000000000000e+00 0.000000000000000e+00 0.000000000000000e+00 0.000000000000000e+00 3.453951013226848e-22 1.551721380288722e-20 1.946615138182899e-18 2.343025530154379e-18 2.450332953150374e-18 2.664406957997628e-18 2.629526429653517e-18 2.571295779791525e-18 2.413738836998643e-18 2.355840021965552e-18 1.641817077798585e-18 1.531050100748274e-18 1.374617861421343e-18 1.060977930480536e-18
3.853528593710527e-01 0.000000000000000e+00 0.000000000000000e+00 0.000000000000000e+00 0.000000000000000e+00 0.000000000000000e+00 0.000000000000000e+00 0.000000000000000e+00 0.000000000000000e+00 0.000000000000000e+00 0.000000000000000e+00 6.019924444381251e-19 1.126118560204157e-18 1.338290649495384e-18 1.544182515510416e-18 1.583625917009593e-18 1.585521896260732e-18 1.505761265424203e-18 1.483538675439027e-18 1.051448498835972e-18 9.773745828973144e-19 8.669074218939130e-19 6.497263522706750e-19
4.328761281083057e-01 0.000000000000000e+00 0.000000000000000e+00 0.000000000000000e+00 0.000000000000000e+00 0.000000000000000e+00 0.000000000000000e+00 0.000000000000000e+00 0.000000000000000e+00 0.000000000000000e+00 0.000000000000000e+00 5.710115034908642e-20 3.773689767444323e-19 5.836874764736172e-19 7.529420585691666e-19 8.247337198998669e-19 8.594976179756221e-19 8.346568621109403e-19 8.364742409945614e-19 6.198017876309929e-19 5.777041837170777e-19 5.071264256195134e-19 3.695457021179483e-19
4.862601580065353e-01 0.000000000000000e+00 0.000000000000000e+00 0.000000000000000e+00 0.000000000000000e+00 0.000000000000000e+00 0.000000000000000e+00 0.000000000000000e+00 0.000000000000000e+00 0.000000000000000e+00 0.000000000000000e+00 0.000000000000000e+00 5.355892471274101e-20 1.679755762906564e-19 2.752608826799140e-19 3.415339437965178e-19 3.829314558382675e-19 3.881887219313585e-19 4.014073505867702e-19 3.260575407923551e-19 3.077635770470024e-19 2.682717746956345e-19 1.906415299437646e-19
5.462277217684343e-01 0.000000000000000e+00 0.000000000000000e+00 0.000000000000000e+00 0.000000000000000e+00 0.000000000000000e+00 0.000000000000000e+00 0.000000000000000e+00 0.000000000000000e+00 0.000000000000000e+00 0.000000000000000e+00 0.000000000000000e+00 1.236410733614713e-24 1.666532350729588e-20 5.606711167911021e-20 9.309768638460943e-20 1.218966402005805e-19 1.353017448361341e-19 1.489235875906275e-19 1.454562129907656e-19 1.415598508527962e-19 1.233242093610021e-19 8.603408741393019e-20
6.135907273413169e-01 0.000000000000000e+00 0.000000000000000e+00 0.000000000000000e+00 0.000000000000000e+00 0.000000000000000e+00 0.000000000000000e+00 0.000000000000000e+00 0.000000000000000e+00 0.000000000000000e+00 0.000000000000000e+00 0.000000000000000e+00 0.000000000000000e+00 0.000000000000000e+00 1.561337474778741e-21 8.962735076889038e-21 1.880096048058521e-20 2.664361032124128e-20 3.413872971489224e-20 5.003679584712282e-20 5.211977082088176e-20 4.600433105053135e-20 3.199638389062806e-20
6.892612104349695e-01 0.000000000000000e+00 0.000000000000000e+00 0.000000000000000e+00 0.000000000000000e+00 0.000000000000000e+00 0.000000000000000e+00 0.000000000000000e+00 0.000000000000000e+00 0.000000000000000e+00 0.000000000000000e+00 0.000000000000000e+00 0.000000000000000e+00 0.000000000000000e+00 0.000000000000000e+00 0.000000000000000e+00 1.245348913751528e-22 8.753799384422517e-22 2.168545705772538e-21 1.070925337282122e-20 1.314239920751242e-20 1.216023153651014e-20 8.776557460534549e-21
7.742636826811270e-01 0.000000000000000e+00 0.000000000000000e+00 0.000000000000000e+00 0.000000000000000e+00 0.000000000000000e+00 0.000000000000000e+00 0.000000000000000e+00 0.000000000000000e+00 0.000000000000000e+00 0.000000000000000e+00 0.000000000000000e+00 0.000000000000000e+00 0.000000000000000e+00 0.000000000000000e+00 0.000000000000000e+00 0.000000000000000e+00 0.000000000000000e+00 0.000000000000000e+00 7.010144360897138e-22 1.484345809315393e-21 1.617646848623828e-21 1.382860301832728e-21
8.697490026177834e-01 0.000000000000000e+00 0.000000000000000e+00 0.000000000000000e+00 0.000000000000000e+00 0.000000000000000e+00 0.000000000000000e+00 0.000000000000000e+00 0.000000000000000e+00 0.000000000000000e+00 0.000000000000000e+00 0.000000000000000e+00 0.000000000000000e+00 0.000000000000000e+00 0.000000000000000e+00 0.000000000000000e+00 0.000000000000000e+00 0.000000000000000e+00 0.000000000000000e+00 0.000000000000000e+00 6.490817494427338e-24 2.378256816416315e-23 5.495740259303096e-23
9.770099572992247e-01 0.000000000000000e+00 0.000000000000000e+00 0.000000000000000e+00 0.000000000000000e+00 0.000000000000000e+00 0.000000000000000e+00 0.000000000000000e+00 0.000000000000000e+00 0.000000000000000e+00 0.000000000000000e+00 0.000000000000000e+00 0.000000000000000e+00 0.000000000000000e+00 0.000000000000000e+00 0.000000000000000e+00 0.000000000000000e+00 0.000000000000000e+00 0.000000000000000e+00 0.000000000000000e+00 0.000000000000000e+00 0.000000000000000e+00 0.000000000000000e+00
1.097498765493057e+00 0.000000000000000e+00 0.000000000000000e+00 0.000000000000000e+00 0.000000000000000e+00 0.000000000000000e+00 0.000000000000000e+00 0.000000000000000e+00 0.000000000000000e+00 0.000000000000000e+00 0.000000000000000e+00 0.000000000000000e+00 0.000000000000000e+00 0.000000000000000e+00 0.000000000000000e+00 0.000000000000000e+00 0.000000000000000e+00 0.000000000000000e+00 0.000000000000000e+00 0.000000000000000e+00 0.000000000000000e+00 0.000000000000000e+00 0.000000000000000e+00
1.232846739442066e+00 0.000000000000000e+00 0.000000000000000e+00 0.000000000000000e+00 0.000000000000000e+00 0.000000000000000e+00 0.000000000000000e+00 0.000000000000000e+00 0.000000000000000e+00 0.000000000000000e+00 0.000000000000000e+00 0.000000000000000e+00 0.000000000000000e+00 0.000000000000000e+00 0.000000000000000e+00 0.000000000000000e+00 0.000000000000000e+00 0.000000000000000e+00 0.000000000000000e+00 0.000000000000000e+00 0.000000000000000e+00 0.000000000000000e+00 0.000000000000000e+00
1.384886371393872e+00 0.000000000000000e+00 0.000000000000000e+00 0.000000000000000e+00 0.000000000000000e+00 0.000000000000000e+00 0.000000000000000e+00 0.000000000000000e+00 0.000000000000000e+00 0.000000000000000e+00 0.000000000000000e+00 0.000000000000000e+00 0.000000000000000e+00 0.000000000000000e+00 0.000000000000000e+00 0.000000000000000e+00 0.000000000000000e+00 0.000000000000000e+00 0.000000000000000e+00 0.000000000000000e+00 0.000000000000000e+00 0.000000000000000e+00 0.000000000000000e+00
1.555676143930472e+00 0.000000000000000e+00 0.000000000000000e+00 0.000000000000000e+00 0.000000000000000e+00 0.000000000000000e+00 0.000000000000000e+00 0.000000000000000e+00 0.000000000000000e+00 0.000000000000000e+00 0.000000000000000e+00 0.000000000000000e+00 0.000000000000000e+00 0.000000000000000e+00 0.000000000000000e+00 0.000000000000000e+00 0.000000000000000e+00 0.000000000000000e+00 0.000000000000000e+00 0.000000000000000e+00 0.000000000000000e+00 0.000000000000000e+00 0.000000000000000e+00
1.747528400007683e+00 0.000000000000000e+00 0.000000000000000e+00 0.000000000000000e+00 0.000000000000000e+00 0.000000000000000e+00 0.000000000000000e+00 0.000000000000000e+00 0.000000000000000e+00 0.000000000000000e+00 0.000000000000000e+00 0.000000000000000e+00 0.000000000000000e+00 0.000000000000000e+00 0.000000000000000e+00 0.000000000000000e+00 0.000000000000000e+00 0.000000000000000e+00 0.000000000000000e+00 0.000000000000000e+00 0.000000000000000e+00 0.000000000000000e+00 0.000000000000000e+00
1.963040650040272e+00 0.000000000000000e+00 0.000000000000000e+00 0.000000000000000e+00 0.000000000000000e+00 0.000000000000000e+00 0.000000000000000e+00 0.000000000000000e+00 0.000000000000000e+00 0.000000000000000e+00 0.000000000000000e+00 0.000000000000000e+00 0.000000000000000e+00 0.000000000000000e+00 0.000000000000000e+00 0.000000000000000e+00 0.000000000000000e+00 0.000000000000000e+00 0.000000000000000e+00 0.000000000000000e+00 0.000000000000000e+00 0.000000000000000e+00 0.000000000000000e+00
2.205130739903046e+00 0.000000000000000e+00 0.000000000000000e+00 0.000000000000000e+00 0.000000000000000e+00 0.000000000000000e+00 0.000000000000000e+00 0.000000000000000e+00 0.000000000000000e+00 0.000000000000000e+00 0.000000000000000e+00 0.000000000000000e+00 0.000000000000000e+00 0.000000000000000e+00 0.000000000000000e+00 0.000000000000000e+00 0.000000000000000e+00 0.000000000000000e+00 0.000000000000000e+00 0.000000000000000e+00 0.000000000000000e+00 0.000000000000000e+00 0.000000000000000e+00
2.477076355991709e+00 0.000000000000000e+00 0.000000000000000e+00 0.000000000000000e+00 0.000000000000000e+00 0.000000000000000e+00 0.000000000000000e+00 0.000000000000000e+00 0.000000000000000e+00 0.000000000000000e+00 0.000000000000000e+00 0.000000000000000e+00 0.000000000000000e+00 0.000000000000000e+00 0.000000000000000e+00 0.000000000000000e+00 0.000000000000000e+00 0.000000000000000e+00 0.000000000000000e+00 0.000000000000000e+00 0.000000000000000e+00 0.000000000000000e+00 0.000000000000000e+00
2.782559402207126e+00 0.000000000000000e+00 0.000000000000000e+00 0.000000000000000e+00 0.000000000000000e+00 0.000000000000000e+00 0.000000000000000e+00 0.000000000000000e+00 0.000000000000000e+00 0.000000000000000e+00 0.000000000000000e+00 0.000000000000000e+00 0.000000000000000e+00 0.000000000000000e+00 0.000000000000000e+00 0.000000000000000e+00 0.000000000000000e+00 0.000000000000000e+00 0.000000000000000e+00 0.000000000000000e+00 0.000000000000000e+00 0.000000000000000e+00 0.000000000000000e+00
3.125715849688235e+00 0.000000000000000e+00 0.000000000000000e+00 0.000000000000000e+00 0.000000000000000e+00 0.000000000000000e+00 0.000000000000000e+00 0.000000000000000e+00 0.000000000000000e+00 0.000000000000000e+00 0.000000000000000e+00 0.000000000000000e+00 0.000000000000000e+00 0.000000000000000e+00 0.000000000000000e+00 0.000000000000000e+00 0.000000000000000e+00 0.000000000000000e+00 0.000000000000000e+00 0.000000000000000e+00 0.000000000000000e+00 0.000000000000000e+00 0.000000000000000e+00
3.511191734215128e+00 0.000000000000000e+00 0.000000000000000e+00 0.000000000000000e+00 0.000000000000000e+00 0.000000000000000e+00 0.000000000000000e+00 0.000000000000000e+00 0.000000000000000e+00 0.000000000000000e+00 0.000000000000000e+00 0.000000000000000e+00 0.000000000000000e+00 0.000000000000000e+00 0.000000000000000e+00 0.000000000000000e+00 0.000000000000000e+00 0.000000000000000e+00 0.000000000000000e+00 0.000000000000000e+00 0.000000000000000e+00 0.000000000000000e+00 0.000000000000000e+00
3.944206059437656e+00 0.000000000000000e+00 0.000000000000000e+00 0.000000000000000e+00 0.000000000000000e+00 0.000000000000000e+00 0.000000000000000e+00 0.000000000000000e+00 0.000000000000000e+00 0.000000000000000e+00 0.000000000000000e+00 0.000000000000000e+00 0.000000000000000e+00 0.000000000000000e+00 0.000000000000000e+00 0.000000000000000e+00 0.000000000000000e+00 0.000000000000000e+00 0.000000000000000e+00 0.000000000000000e+00 0.000000000000000e+00 0.000000000000000e+00 0.000000000000000e+00
4.430621457583878e+00 0.000000000000000e+00 0.000000000000000e+00 0.000000000000000e+00 0.000000000000000e+00 0.000000000000000e+00 0.000000000000000e+00 0.000000000000000e+00 0.000000000000000e+00 0.000000000000000e+00 0.000000000000000e+00 0.000000000000000e+00 0.000000000000000e+00 0.000000000000000e+00 0.000000000000000e+00 0.000000000000000e+00 0.000000000000000e+00 0.000000000000000e+00 0.000000000000000e+00 0.000000000000000e+00 0.000000000000000e+00 0.000000000000000e+00 0.000000000000000e+00
4.977023564332113e+00 0.000000000000000e+00 0.000000000000000e+00 0.000000000000000e+00 0.000000000000000e+00 0.000000000000000e+00 0.000000000000000e+00 0.000000000000000e+00 0.000000000000000e+00 0.000000000000000e+00 0.000000000000000e+00 0.000000000000000e+00 0.000000000000000e+00 0.000000000000000e+00 0.000000000000000e+00 0.000000000000000e+00 0.000000000000000e+00 0.000000000000000e+00 0.000000000000000e+00 0.000000000000000e+00 0.000000000000000e+00 0.000000000000000e+00 0.000000000000000e+00
5.590810182512223e+00 0.000000000000000e+00 0.000000000000000e+00 0.000000000000000e+00 0.000000000000000e+00 0.000000000000000e+00 0.000000000000000e+00 0.000000000000000e+00 0.000000000000000e+00 0.000000000000000e+00 0.000000000000000e+00 0.000000000000000e+00 0.000000000000000e+00 0.000000000000000e+00 0.000000000000000e+00 0.000000000000000e+00 0.000000000000000e+00 0.000000000000000e+00 0.000000000000000e+00 0.000000000000000e+00 0.000000000000000e+00 0.000000000000000e+00 0.000000000000000e+00
6.280291441834247e+00 0.000000000000000e+00 0.000000000000000e+00 0.000000000000000e+00 0.000000000000000e+00 0.000000000000000e+00 0.000000000000000e+00 0.000000000000000e+00 0.000000000000000e+00 0.000000000000000e+00 0.000000000000000e+00 0.000000000000000e+00 0.000000000000000e+00 0.000000000000000e+00 0.000000000000000e+00 0.000000000000000e+00 0.000000000000000e+00 0.000000000000000e+00 0.000000000000000e+00 0.000000000000000e+00 0.000000000000000e+00 0.000000000000000e+00 0.000000000000000e+00
7.054802310718645e+00 0.000000000000000e+00 0.000000000000000e+00 0.000000000000000e+00 0.000000000000000e+00 0.000000000000000e+00 0.000000000000000e+00 0.000000000000000e+00 0.000000000000000e+00 0.000000000000000e+00 0.000000000000000e+00 0.000000000000000e+00 0.000000000000000e+00 0.000000000000000e+00 0.000000000000000e+00 0.000000000000000e+00 0.000000000000000e+00 0.000000000000000e+00 0.000000000000000e+00 0.000000000000000e+00 0.000000000000000e+00 0.000000000000000e+00 0.000000000000000e+00
7.924828983539170e+00 0.000000000000000e+00 0.000000000000000e+00 0.000000000000000e+00 0.000000000000000e+00 0.000000000000000e+00 0.000000000000000e+00 0.000000000000000e+00 0.000000000000000e+00 0.000000000000000e+00 0.000000000000000e+00 0.000000000000000e+00 0.000000000000000e+00 0.000000000000000e+00 0.000000000000000e+00 0.000000000000000e+00 0.000000000000000e+00 0.000000000000000e+00 0.000000000000000e+00 0.000000000000000e+00 0.000000000000000e+00 0.000000000000000e+00 0.000000000000000e+00
8.902150854450392e+00 0.000000000000000e+00 0.000000000000000e+00 0.000000000000000e+00 0.000000000000000e+00 0.000000000000000e+00 0.000000000000000e+00 0.000000000000000e+00 0.000000000000000e+00 0.000000000000000e+00 0.000000000000000e+00 0.000000000000000e+00 0.000000000000000e+00 0.000000000000000e+00 0.000000000000000e+00 0.000000000000000e+00 0.000000000000000e+00 0.000000000000000e+00 0.000000000000000e+00 0.000000000000000e+00 0.000000000000000e+00 0.000000000000000e+00 0.000000000000000e+00
1.000000000000000e+01 0.000000000000000e+00 0.000000000000000e+00 0.000000000000000e+00 0.000000000000000e+00 0.000000000000000e+00 0.000000000000000e+00 0.000000000000000e+00 0.000000000000000e+00 0.000000000000000e+00 0.000000000000000e+00 0.000000000000000e+00 0.000000000000000e+00 0.000000000000000e+00 0.000000000000000e+00 0.000000000000000e+00 0.000000000000000e+00 0.000000000000000e+00 0.000000000000000e+00 0.000000000000000e+00 0.000000000000000e+00 0.000000000000000e+00 0.000000000000000e+00
