1.000000000000000e-04 5.604224960485941e-14
1.123324032978028e-04 5.604224960485941e-14
1.261856883066021e-04 5.604224960485941e-14
1.417474162926805e-04 5.604224960485941e-14
1.592282793341092e-04 5.604224960485941e-14
1.788649529057435e-04 5.604224960485890e-14
2.009233002565048e-04 5.604224960484316e-14
2.257019719633919e-04 5.604224960478505e-14
2.535364493970111e-04 5.604224960465983e-14
2.848035868435802e-04 5.604224960444445e-14
3.199267137797384e-04 5.604224960411717e-14
3.593813663804626e-04 5.604224960365740e-14
4.037017258596554e-04 5.604224960304587e-14
4.534878508128582e-04 5.604224960226464e-14
5.094138014816380e-04 5.604224960129735e-14
5.722367659350221e-04 5.604224932634472e-14
6.428073117284319e-04 5.604171214414958e-14
7.220809018385464e-04 5.603890414169474e-14
8.111308307896872e-04 5.603228526342746e-14
9.111627561154887e-04 5.602051114301117e-14
1.023531021899027e-03 5.600236479807328e-14
1.149756995397736e-03 5.597673754620954e-14
1.291549665014884e-03 5.594262593432183e-14
1.450828778495940e-03 5.589913620546910e-14
1.629750834620644e-03 5.584549280562834e-14
1.830738280295368e-03 5.577858492456898e-14
2.056512308348652e-03 5.567662788992255e-14
2.310129700083158e-03 5.551862416244599e-14
2.595024211399737e-03 5.528783866370798e-14
2.915053062825176e-03 5.496905231421654e-14
3.274549162877729e-03 5.454853595462024e-14
3.678379771828634e-03 5.401423587017312e-14
4.132012400115334e-03 5.335501416522273e-14
4.641588833612782e-03 5.256290187849538e-14
5.214008287999685e-03 5.163092650036706e-14
5.857020818056668e-03 5.055551667142982e-14
6.579332246575682e-03 4.933523371579405e-14
7.390722033525776e-03 4.796984291946751e-14
8.302175681319744e-03 4.646314864108297e-14
9.326033468832200e-03 4.482199584519609e-14
1.047615752789665e-02 4.305502370516735e-14
1.176811952434998e-02 4.117265024759936e-14
1.321941148466029e-02 3.918778094785134e-14
1.484968262254465e-02 3.711531721377962e-14
1.668100537200059e-02 3.497179714265023e-14
1.873817422860383e-02 3.277503017815830e-14
2.104904144512020e-02 3.054371019276777e-14
2.364489412645407e-02 2.829701168392610e-14
2.656087782946687e-02 2.605417962317165e-14
2.983647240283340e-02 2.383412603666588e-14
3.351602650938841e-02 2.165504604692586e-14
3.764935806792467e-02 1.953406432136919e-14
4.229242874389499e-02 1.748692229087461e-14
4.750810162102798e-02 1.552771531301486e-14
5.336699231206307e-02 1.366868701797520e-14
5.994842503189409e-02 1.192008561482992e-14
6.734150657750822e-02 1.029008409274121e-14
7.564633275546291e-02 8.784763152202186e-15
8.497534359086438e-02 7.408152437994255e-15
9.545484566618337e-02 6.162322255504328e-15
1.072267222010323e-01 5.047514422964858e-15
1.204503540258782e-01 4.062297251432012e-15
1.353047774579806e-01 3.203726051586716e-15
1.519911082952933e-01 2.467487709994883e-15
1.707352647470690e-01 1.848007194208168e-15
1.917910261672489e-01 1.338497682146533e-15
2.154434690031884e-01 9.309473946505174e-16
2.420128264794381e-01 6.160579534568367e-16
2.718588242732940e-01 3.831824276830255e-16
3.053855508833416e-01 2.203486553593142e-16
3.430469286314919e-01 1.144875285452512e-16
3.853528593710527e-01 5.198788918594884e-17
4.328761281083057e-01 1.961586682859615e-17
4.862601580065353e-01 5.651575882427142e-18
5.462277217684343e-01 1.063130040080666e-18
6.135907273413169e-01 4.207521959767738e-20
6.892612104349695e-01 4.032004323028576e-21
7.742636826811270e-01 3.479361444101701e-23
8.697490026177834e-01 1.460890684702448e-27
9.770099572992247e-01 0.000000000000000e+00
1.097498765493057e+00 0.000000000000000e+00
1.232846739442066e+00 0.000000000000000e+00
1.384886371393872e+00 0.000000000000000e+00
1.555676143930472e+00 0.000000000000000e+00
1.747528400007683e+00 0.000000000000000e+00
1.963040650040272e+00 0.000000000000000e+00
2.205130739903046e+00 0.000000000000000e+00
2.477076355991709e+00 0.000000000000000e+00
2.782559402207126e+00 0.000000000000000e+00
3.125715849688235e+00 0.000000000000000e+00
3.511191734215128e+00 0.000000000000000e+00
3.944206059437656e+00 0.000000000000000e+00
4.430621457583878e+00 0.000000000000000e+00
4.977023564332113e+00 0.000000000000000e+00
5.590810182512223e+00 0.000000000000000e+00
6.280291441834247e+00 0.000000000000000e+00
7.054802310718645e+00 0.000000000000000e+00
7.924828983539170e+00 0.000000000000000e+00
8.902150854450392e+00 0.000000000000000e+00
1.000000000000000e+01 0.000000000000000e+00
