1.000000000000000e+17 1.548336862373253e-56
1.097498765493059e+17 1.506354382507506e-56
1.204503540258779e+17 1.458650015767963e-56
1.321941148466029e+17 1.415079915720024e-56
1.450828778495943e+17 1.366593783754052e-56
1.592282793341087e+17 1.327272518912256e-56
1.747528400007683e+17 1.281817910510820e-56
1.917910261672493e+17 1.229493094919577e-56
2.104904144512013e+17 1.180387880666840e-56
2.310129700083158e+17 1.125231585974422e-56
2.535364493970116e+17 1.079028263465958e-56
2.782559402207115e+17 1.026410072104693e-56
3.053855508833412e+17 9.675306887825585e-57
3.351602650938848e+17 9.126898866054664e-57
3.678379771828650e+17 8.526046313151093e-57
4.037017258596550e+17 8.026037054044603e-57
4.430621457583887e+17 7.477727426895136e-57
4.862601580065373e+17 6.888268158363019e-57
5.336699231206301e+17 6.356819012692781e-57
5.857020818056673e+17 5.793157648384726e-57
6.428073117284346e+17 5.341075576061256e-57
7.054802310718630e+17 4.862400010463353e-57
7.742636826811278e+17 4.364835157006635e-57
8.497534359086473e+17 3.935333597762811e-57
9.326033468832180e+17 3.568524060666773e-57
1.023531021899027e+18 3.154964270220102e-57
1.123324032978031e+18 2.806250762745592e-57
1.232846739442063e+18 2.451261339817471e-57
1.353047774579807e+18 2.159338165001952e-57
1.484968262254470e+18 1.861891064696454e-57
1.629750834620640e+18 1.652616773298583e-57
1.788649529057435e+18 1.436579925575902e-57
1.963040650040276e+18 1.218274016702154e-57
2.154434690031878e+18 1.048453756751734e-57
2.364489412645407e+18 8.756329231121703e-58
2.595024211399742e+18 7.656182688186262e-58
2.848035868435793e+18 6.501507736248172e-58
3.125715849688235e+18 5.327982138316534e-58
3.430469286314926e+18 4.474795950898863e-58
3.764935806792456e+18 3.871901032746225e-58
4.132012400115335e+18 3.108181443386768e-58
4.534878508128591e+18 2.573334834012836e-58
4.977023564332093e+18 2.019481911665956e-58
5.462277217684337e+18 1.649448501194460e-58
5.994842503189421e+18 1.259105399148178e-58
6.579332246575709e+18 1.079419688969216e-58
7.220809018385456e+18 8.660802306032252e-59
7.924828983539186e+18 6.389396823114539e-59
8.697490026177799e+18 5.027499943221529e-59
9.545484566618327e+18 4.280737320635935e-59
1.047615752789666e+19 3.025479646140723e-59
1.149756995397740e+19 2.318509754658987e-59
1.261856883066018e+19 1.547261178225253e-59
1.384886371393875e+19 1.147711031142331e-59
1.519911082952939e+19 7.081031453025653e-60
1.668100537200056e+19 6.015051747081066e-60
1.830738280295370e+19 4.261657214832558e-60
2.009233002565054e+19 2.362750274182308e-60
2.205130739903041e+19 1.571117194849507e-60
2.420128264794384e+19 7.407519041349061e-61
2.656087782946695e+19 6.300646685438916e-61
2.915053062825170e+19 3.805040558976016e-61
3.199267137797385e+19 1.404575054318907e-61
3.511191734215142e+19 7.250276073907740e-62
3.853528593710520e+19 6.178377426071058e-62
4.229242874389499e+19 1.509151779822585e-62
4.641588833612792e+19 5.805435116054318e-63
5.094138014816365e+19 6.282617842729907e-64
5.590810182512223e+19 1.134099454057401e-64
6.135907273413188e+19 2.538656915176608e-66
6.734150657750856e+19 2.496394926892939e-66
7.390722033525775e+19 8.224363977733945e-68
8.111308307896889e+19 2.394381497860538e-72
8.902150854450356e+19 0.000000000000000e+00
9.770099572992246e+19 0.000000000000000e+00
1.072267222010325e+20 0.000000000000000e+00
1.176811952435004e+20 0.000000000000000e+00
1.291549665014883e+20 0.000000000000000e+00
1.417474162926808e+20 0.000000000000000e+00
1.555676143930466e+20 0.000000000000000e+00
1.707352647470689e+20 0.000000000000000e+00
1.873817422860387e+20 0.000000000000000e+00
2.056512308348660e+20 0.000000000000000e+00
2.257019719633917e+20 0.000000000000000e+00
2.477076355991714e+20 0.000000000000000e+00
2.718588242732951e+20 0.000000000000000e+00
2.983647240283334e+20 0.000000000000000e+00
3.274549162877731e+20 0.000000000000000e+00
3.593813663804640e+20 0.000000000000000e+00
3.944206059437648e+20 0.000000000000000e+00
4.328761281083062e+20 0.000000000000000e+00
4.750810162102813e+20 0.000000000000000e+00
5.214008287999674e+20 0.000000000000000e+00
5.722367659350220e+20 0.000000000000000e+00
6.280291441834272e+20 0.000000000000000e+00
6.892612104349681e+20 0.000000000000000e+00
7.564633275546290e+20 0.000000000000000e+00
8.302175681319769e+20 0.000000000000000e+00
9.111627561154869e+20 0.000000000000000e+00
1.000000000000000e+21 0.000000000000000e+00
