1.000000000000000e+13 0.000000000000000e+00
1.204503540258782e+13 1.598145441539920e+22
1.450828778495939e+13 2.404063781368350e+22
1.747528400007684e+13 2.711931860560981e+22
2.104904144512021e+13 2.718427676865677e+22
2.535364493970111e+13 2.553275637318982e+22
3.053855508833416e+13 2.300505963699566e+22
3.678379771828634e+13 2.013197839880432e+22
4.430621457583882e+13 1.723705314200919e+22
5.336699231206309e+13 1.450609145534708e+22
6.428073117284322e+13 1.204214189986379e+22
7.742636826811270e+13 9.870213700276405e+21
9.326033468832198e+13 8.003921804993057e+21
1.123324032978028e+14 6.444451083368086e+21
1.353047774579808e+14 5.126984531935629e+21
1.629750834620643e+14 4.044294107922887e+21
1.963040650040272e+14 3.163963216668272e+21
2.364489412645407e+14 2.452896837101152e+21
2.848035868435802e+14 1.883876831103728e+21
3.430469286314919e+14 1.433170803361907e+21
4.132012400115339e+14 1.079802708057209e+21
4.977023564332114e+14 8.055757403442321e+20
5.994842503189409e+14 5.949586889414072e+20
7.220809018385471e+14 4.348886344243013e+20
8.697490026177834e+14 3.145317137334583e+20
1.047615752789665e+15 2.251247688269407e+20
1.261856883066021e+15 1.592758052926835e+20
1.519911082952935e+15 1.114266125598604e+20
1.830738280295370e+15 7.707667098786069e+19
2.205130739903046e+15 5.272392701425060e+19
2.656087782946686e+15 3.567675859309939e+19
3.199267137797384e+15 2.389371234067317e+19
3.853528593710532e+15 1.584877439231155e+19
4.641588833612782e+15 1.041922747730589e+19
5.590810182512228e+15 6.793213556551332e+18
6.734150657750828e+15 4.394110915412482e+18
8.111308307896872e+15 2.819586748634135e+18
9.770099572992256e+15 1.793884935035677e+18
1.176811952434999e+16 1.130551811794195e+18
1.417474162926808e+16 7.053933302918637e+17
1.707352647470692e+16 4.352433314764623e+17
2.056512308348652e+16 2.653268565914427e+17
2.477076355991714e+16 1.596510453667239e+17
2.983647240283340e+16 9.473696601609998e+16
3.593813663804626e+16 5.539716968911406e+16
4.328761281083062e+16 3.190223925826888e+16
5.214008287999695e+16 1.808808088851157e+16
6.280291441834260e+16 1.009852326410655e+16
7.564633275546291e+16 5.555512362209468e+15
9.111627561154906e+16 3.015941387244504e+15
1.097498765493057e+17 1.618501622423142e+15
1.321941148466031e+17 8.605956639968100e+14
1.592282793341094e+17 4.555975685946776e+14
1.917910261672489e+17 2.414261961192795e+14
2.310129700083163e+17 1.288961445955775e+14
2.782559402207126e+17 6.983797641994747e+13
3.351602650938848e+17 3.866987280670617e+13
4.037017258596557e+17 2.199966172306163e+13
4.862601580065353e+17 1.289113924571550e+13
5.857020818056673e+17 7.772069665070566e+12
7.054802310718644e+17 4.800962153704176e+12
8.497534359086455e+17 3.019855787965064e+12
1.023531021899027e+18 1.921130495376709e+12
1.232846739442068e+18 1.228159368398043e+12
1.484968262254467e+18 7.846773699273768e+11
1.788649529057435e+18 4.988018390521121e+11
2.154434690031887e+18 3.143602837128665e+11
2.595024211399737e+18 1.958639485526126e+11
3.125715849688242e+18 1.203542264285832e+11
3.764935806792471e+18 7.277341708532399e+10
4.534878508128592e+18 4.319899074764366e+10
5.462277217684348e+18 2.510805252307377e+10
6.579332246575683e+18 1.424405772483471e+10
7.924828983539186e+18 7.857975313900747e+09
9.545484566618348e+18 4.196359741181674e+09
1.149756995397738e+19 2.157204633583934e+09
1.384886371393875e+19 1.060029353382694e+09
1.668100537200059e+19 4.934446027108616e+08
2.009233002565050e+19 2.150260946513403e+08
2.420128264794384e+19 8.630671634583881e+07
2.915053062825182e+19 3.118401428030815e+07
3.511191734215134e+19 9.801784159708936e+06
4.229242874389507e+19 2.538397810615771e+06
5.094138014816385e+19 4.927991829773269e+05
6.135907273413176e+19 5.945830591148813e+04
7.390722033525789e+19 2.798627825333706e+03
8.902150854450392e+19 7.582357417298711e+00
1.072267222010325e+20 0.000000000000000e+00
1.291549665014883e+20 0.000000000000000e+00
1.555676143930479e+20 0.000000000000000e+00
1.873817422860387e+20 0.000000000000000e+00
2.257019719633917e+20 0.000000000000000e+00
2.718588242732951e+20 0.000000000000000e+00
3.274549162877732e+20 0.000000000000000e+00
3.944206059437664e+20 0.000000000000000e+00
4.750810162102813e+20 0.000000000000000e+00
5.722367659350220e+20 0.000000000000000e+00
6.892612104349710e+20 0.000000000000000e+00
8.302175681319769e+20 0.000000000000000e+00
1.000000000000000e+21 0.000000000000000e+00
