1.000000000000000e+14 0.000000000000000e+00
1.123324032978028e+14 1.522260902640479e+20
1.261856883066021e+14 2.538970375850868e+20
1.417474162926805e+14 3.290688352804781e+20
1.592282793341092e+14 3.623792813682206e+20
1.788649529057435e+14 3.827895388098542e+20
2.009233002565048e+14 3.798016957330457e+20
2.257019719633919e+14 3.659153767255919e+20
2.535364493970112e+14 3.479179413668296e+20
2.848035868435802e+14 3.217651902030727e+20
3.199267137797384e+14 2.953197652313126e+20
3.593813663804626e+14 2.663429177798706e+20
4.037017258596554e+14 2.381068665015344e+20
4.534878508128582e+14 2.118878200767309e+20
5.094138014816380e+14 1.867390755579219e+20
5.722367659350220e+14 1.639879030751762e+20
6.428073117284320e+14 1.430540833667427e+20
7.220809018385464e+14 1.243047098529391e+20
8.111308307896872e+14 1.077244482957491e+20
9.111627561154888e+14 9.297568232285441e+19
1.023531021899027e+15 8.005850810490285e+19
1.149756995397736e+15 6.871777357903859e+19
1.291549665014884e+15 5.883912716198176e+19
1.450828778495940e+15 5.027116521266777e+19
1.629750834620644e+15 4.283997518753980e+19
1.830738280295368e+15 3.642656816795318e+19
2.056512308348652e+15 3.089608932127760e+19
2.310129700083158e+15 2.614234020483059e+19
2.595024211399738e+15 2.206626036680003e+19
2.915053062825176e+15 1.857665080908048e+19
3.274549162877728e+15 1.559734573101989e+19
3.678379771828634e+15 1.305855550878888e+19
4.132012400115334e+15 1.090065863307192e+19
4.641588833612782e+15 9.071060274327024e+18
5.214008287999684e+15 7.523561203736845e+18
5.857020818056667e+15 6.218406083027189e+18
6.579332246575683e+15 5.120606890770310e+18
7.390722033525775e+15 4.200023526311714e+18
8.302175681319744e+15 3.430532101335814e+18
9.326033468832200e+15 2.789457323085672e+18
1.047615752789666e+16 2.257361781246125e+18
1.176811952434999e+16 1.817407110013924e+18
1.321941148466029e+16 1.455186563014834e+18
1.484968262254463e+16 1.158330504674135e+18
1.668100537200059e+16 9.162191163260520e+17
1.873817422860383e+16 7.198237326828575e+17
2.104904144512022e+16 5.614216640005291e+17
2.364489412645407e+16 4.344735432820873e+17
2.656087782946684e+16 3.334365448772913e+17
2.983647240283340e+16 2.536202413001013e+17
3.351602650938841e+16 1.910908912049483e+17
3.764935806792471e+16 1.425412056885656e+17
4.229242874389499e+16 1.052178018791296e+17
4.750810162102794e+16 7.683279304068466e+16
5.336699231206302e+16 5.549324332170314e+16
5.994842503189409e+16 3.964982814342906e+16
6.734150657750828e+16 2.803761537241869e+16
7.564633275546291e+16 1.963818440117103e+16
8.497534359086438e+16 1.363918159481366e+16
9.545484566618328e+16 9.401868012933422e+15
1.072267222010323e+17 6.435766321732709e+15
1.204503540258784e+17 4.375921652957528e+15
1.353047774579808e+17 2.957015916264757e+15
1.519911082952933e+17 1.986952865174389e+15
1.707352647470689e+17 1.328493573582235e+15
1.917910261672489e+17 8.845418511905216e+14
2.154434690031887e+17 5.870733102692804e+14
2.420128264794383e+17 3.888695617433004e+14
2.718588242732940e+17 2.574396074052359e+14
3.053855508833412e+17 1.706183928690707e+14
3.430469286314919e+17 1.134123904986005e+14
3.853528593710527e+17 7.576118039750395e+13
4.328761281083062e+17 5.096540694251192e+13
4.862601580065353e+17 3.459448134843612e+13
5.462277217684337e+17 2.373572933755260e+13
6.135907273413164e+17 1.648370841340918e+13
6.892612104349695e+17 1.159640169029197e+13
7.742636826811278e+17 8.265966989311420e+12
8.697490026177834e+17 5.967209803420783e+12
9.770099572992247e+17 4.358203682958396e+12
1.097498765493057e+18 3.215547461795067e+12
1.232846739442066e+18 2.392418109426705e+12
1.384886371393872e+18 1.791507566307875e+12
1.555676143930472e+18 1.347612934425959e+12
1.747528400007683e+18 1.016452572084771e+12
1.963040650040272e+18 7.674808502324520e+11
2.205130739903046e+18 5.792631185412305e+11
2.477076355991709e+18 4.364870204598196e+11
2.782559402207126e+18 3.280192720704880e+11
3.125715849688235e+18 2.456310423268110e+11
3.511191734215128e+18 1.831521469865674e+11
3.944206059437656e+18 1.359015560869850e+11
4.430621457583877e+18 1.002972152604741e+11
4.977023564332114e+18 7.358337805591277e+10
5.590810182512223e+18 5.363588029571644e+10
6.280291441834247e+18 3.881912442420529e+10
7.054802310718645e+18 2.787698214545443e+10
7.924828983539169e+18 1.984767502135153e+10
8.902150854450393e+18 1.399725918628160e+10
1.000000000000000e+19 9.767724151183889e+09
