1.000000000000000e+17	1.059904476175742e-43
1.013939457675294e+17	1.032676881024331e-43
1.028073223830869e+17	1.006153047488859e-43
1.042404007021554e+17	9.803143064819938e-44
1.056934553557987e+17	9.551425499406960e-44
1.071667648032864e+17	9.306202271383797e-44
1.086606113854600e+17	9.067303417488280e-44
1.101752813788383e+17	8.834564495297164e-44
1.117110650504822e+17	8.607826565311877e-44
1.132682567136154e+17	8.386936174410036e-44
1.148471547840291e+17	8.171743897639399e-44
1.164480618372690e+17	7.962101745994849e-44
1.180712846666187e+17	7.757865699611227e-44
1.197171343418966e+17	7.558896168697690e-44
1.213859262690629e+17	7.365057755557235e-44
1.230779802506668e+17	7.176216033048143e-44
1.247936205471306e+17	6.992237924789903e-44
1.265331759388940e+17	6.812993375670051e-44
1.282969797894148e+17	6.638355003237493e-44
1.300853701090573e+17	6.468199112928427e-44
1.318986896198675e+17	6.302405715485206e-44
1.337372858212492e+17	6.140859990503331e-44
1.356015110565632e+17	5.983460659497540e-44
1.374917225806420e+17	5.830113965258281e-44
1.394082826282581e+17	5.680728238333130e-44
1.413515584835390e+17	5.535214314586355e-44
1.433219225503571e+17	5.393486293961336e-44
1.453197524236895e+17	5.255461501187505e-44
1.473454309619837e+17	5.121045316505892e-44
1.493993463605262e+17	4.990103260119204e-44
1.514818922258341e+17	4.862495524511565e-44
1.535934676510895e+17	4.738083400200737e-44
1.557344772926135e+17	4.616730024906609e-44
1.579053314474179e+17	4.498300718519676e-44
1.601064461318324e+17	4.382665646506643e-44
1.623382431612275e+17	4.269797324959886e-44
1.646011502308550e+17	4.159801772494233e-44
1.668956009978027e+17	4.052796314562404e-44
1.692220351641043e+17	3.948900671319561e-44
1.715808985610000e+17	3.848239023830861e-44
1.739726432343799e+17	3.750942700082723e-44
1.763977275314045e+17	3.657143887059799e-44
1.788566161883466e+17	3.566873585460860e-44
1.813497804196503e+17	3.480104971968612e-44
1.838776980082323e+17	3.396826191151954e-44
1.864408533970485e+17	3.317044380346211e-44
1.890397377819223e+17	3.240789897021706e-44
1.916748492056821e+17	3.168121394038720e-44
1.943466926536014e+17	3.099075853765951e-44
1.970557801501796e+17	3.033453972686129e-44
1.998026308572551e+17	2.970963068106470e-44
2.025877711735021e+17	2.911267427020088e-44
2.054117348353073e+17	2.853968530016908e-44
2.082750630190510e+17	2.798583859558364e-44
2.111783044448242e+17	2.744527732803687e-44
2.141220154815732e+17	2.691332790697375e-44
2.171067602537271e+17	2.638959384531963e-44
2.201331107493023e+17	2.587450286594834e-44
2.232016469295230e+17	2.536880774443743e-44
2.263129568399530e+17	2.487361730758721e-44
2.294676367231941e+17	2.439042887781067e-44
2.326662911331468e+17	2.392109901174999e-44
2.359095330508629e+17	2.346638397736198e-44
2.391979840020237e+17	2.302569001050125e-44
2.425322741760356e+17	2.259831043223708e-44
2.459130425468052e+17	2.218347003904224e-44
2.493409369951870e+17	2.178031590092274e-44
2.528166144331495e+17	2.138790562766330e-44
2.563407409296515e+17	2.100526780631775e-44
2.599139918382938e+17	2.063190477661083e-44
2.635370519267404e+17	2.026759807459348e-44
2.672106155079427e+17	1.991219191583769e-44
2.709353865732049e+17	1.956560213755404e-44
2.747120789270814e+17	1.922782797226633e-44
2.785414163241775e+17	1.889896394738981e-44
2.824241326078424e+17	1.857908626739947e-44
2.863609718508110e+17	1.826794224506681e-44
2.903526884977814e+17	1.796521725052125e-44
2.944000475100040e+17	1.767061006287353e-44
2.985038245118742e+17	1.738383699412311e-44
3.026648059395683e+17	1.710463588165838e-44
3.068837891917639e+17	1.683276973441982e-44
3.111615827824363e+17	1.656800751787414e-44
3.154990064958095e+17	1.631011162989130e-44
3.198968915434525e+17	1.605886974558206e-44
3.243560807235805e+17	1.581410200204891e-44
3.288774285825510e+17	1.557566786353928e-44
3.334618015786369e+17	1.534347292925109e-44
3.381100782480696e+17	1.511746539411757e-44
3.428231493733960e+17	1.489750039426896e-44
3.476019181541974e+17	1.468335863335252e-44
3.524473003801588e+17	1.447484064351269e-44
3.573602246065796e+17	1.427177332128836e-44
3.623416323323165e+17	1.407401564846143e-44
3.673924781802067e+17	1.388146453119779e-44
3.725137300800209e+17	1.369403734547557e-44
3.777063694539372e+17	1.351156728070603e-44
3.829713914046292e+17	1.333387160370088e-44
3.883098049059593e+17	1.316079235900648e-44
3.937226329963475e+17	1.299220174782932e-44
3.992109129748054e+17	1.282800812555651e-44
4.047756965997331e+17	1.266816221800359e-44
4.104180502904726e+17	1.251260338337509e-44
4.161390553316698e+17	1.236117023693887e-44
4.219398080805024e+17	1.221370438182034e-44
4.278214201767622e+17	1.207007214242287e-44
4.337850187559002e+17	1.193017005126087e-44
4.398317466650211e+17	1.179393073031394e-44
4.459627626819087e+17	1.166132588998132e-44
4.521792417370702e+17	1.153227838288555e-44
4.584823751389105e+17	1.140663808645329e-44
4.648733708020276e+17	1.128427165338902e-44
4.713534534786897e+17	1.116507185835820e-44
4.779238649935595e+17	1.104896323293962e-44
4.845858644816500e+17	1.093590814502402e-44
4.913407286296377e+17	1.082589887081855e-44
4.981897519205145e+17	1.071884260709744e-44
5.051342468816756e+17	1.061460503964891e-44
5.121755443364241e+17	1.051307355967333e-44
5.193149936590223e+17	1.041416270818630e-44
5.265539630332777e+17	1.031781986513477e-44
5.338938397147340e+17	1.022403150653841e-44
5.413360302965375e+17	1.013279186748571e-44
5.488819609789677e+17	1.004399444976992e-44
5.565330778427663e+17	9.957522657432051e-45
5.642908471262519e+17	9.873283134306385e-45
5.721567555063240e+17	9.791210962985759e-45
5.801323103833379e+17	9.711275471771021e-45
5.882190401699968e+17	9.633485713221364e-45
5.964184945842484e+17	9.557822684322004e-45
6.047322449462630e+17	9.484176820446946e-45
6.131618844795768e+17	9.412447721688679e-45
6.217090286163834e+17	9.342559329707956e-45
6.303753153071295e+17	9.274465304595636e-45
6.391624053343980e+17	9.208154991260787e-45
6.480719826311958e+17	9.143653097285851e-45
6.571057546036270e+17	9.080917495211068e-45
6.662654524581164e+17	9.019844102451465e-45
6.755528315331667e+17	8.960347351922023e-45
6.849696716357426e+17	8.902367249695935e-45
6.945177773823689e+17	8.845874902087962e-45
7.041989785449295e+17	8.790878680216108e-45
7.140151304013417e+17	8.737408308078801e-45
7.239681140910847e+17	8.685398101364224e-45
7.340598369757197e+17	8.634754393740233e-45
7.442922330043758e+17	8.585405304917645e-45
7.546672630843903e+17	8.537305828090926e-45
7.651869154570849e+17	8.490443512809020e-45
7.758532060787812e+17	8.444844734359580e-45
7.866681790071574e+17	8.400528936852227e-45
7.976339067929281e+17	8.357415341287772e-45
8.087524908770474e+17	8.315421884128959e-45
8.200260619934097e+17	8.274489538437177e-45
8.314567805772047e+17	8.234587522302968e-45
8.430468371788968e+17	8.195719158481106e-45
8.547984528840422e+17	8.157925808653411e-45
8.667138797389260e+17	8.121203420351646e-45
8.787954011821293e+17	8.085467384533381e-45
8.910453324821504e+17	8.050646600551988e-45
9.034660211810534e+17	8.016694264450309e-45
9.160598475443729e+17	7.983593254481906e-45
9.288292250172461e+17	7.951362187443075e-45
9.417766006869500e+17	7.920050023231637e-45
9.549044557518077e+17	7.889624274113836e-45
9.682153059967096e+17	7.860004377867306e-45
9.817117022752224e+17	7.831129684487878e-45
9.953962309984204e+17	7.802965173108552e-45
1.009271514630570e+18	7.775507014325086e-45
1.023340212191642e+18	7.748788836137279e-45
1.037605019766914e+18	7.722855129411487e-45
1.052068671023619e+18	7.697649005590559e-45
1.066733937734855e+18	7.673097967320193e-45
1.081603630310709e+18	7.649151464844024e-45
1.096680598336870e+18	7.625785974816968e-45
1.111967731120702e+18	7.603010748111120e-45
1.127467958244943e+18	7.580873656710140e-45
1.143184250129148e+18	7.559399584617466e-45
1.159119618598886e+18	7.538518782879549e-45
1.175277117462948e+18	7.518167365388252e-45
1.191659843098564e+18	7.498304670271136e-45
1.208270935044773e+18	7.478918522440135e-45
1.225113576604118e+18	7.460031177902577e-45
1.242190995452619e+18	7.441700463857348e-45
1.259506464258362e+18	7.423922227114193e-45
1.277063301308639e+18	7.406624323693362e-45
1.294864871145902e+18	7.389751317387882e-45
1.312914585212465e+18	7.373272337019778e-45
1.331215902504311e+18	7.357186522633812e-45
1.349772330233947e+18	7.341529175728551e-45
1.368587424502515e+18	7.326359175202750e-45
1.387664790981307e+18	7.311642526679829e-45
1.407008085602686e+18	7.297311365255403e-45
1.426621015260741e+18	7.283318646064408e-45
1.446507338521641e+18	7.269643290596801e-45
1.466670866343965e+18	7.256295821593171e-45
1.487115462808954e+18	7.243324688467871e-45
1.507845045861054e+18	7.230776150589727e-45
1.528863588058736e+18	7.218594538387957e-45
1.550175117335766e+18	7.206718950152266e-45
1.571783717773161e+18	7.195110761146504e-45
1.593693530381776e+18	7.183758773602790e-45
1.615908753895922e+18	7.172685047356023e-45
1.638433645577978e+18	7.161949558367396e-45
1.661272522034290e+18	7.151572549840457e-45
1.684429760042315e+18	7.141488972718393e-45
1.707909797389430e+18	7.131645112092752e-45
1.731717133723360e+18	7.122010866650013e-45
1.755856331414463e+18	7.112585082202197e-45
1.780332016430112e+18	7.103401585256403e-45
1.805148879221110e+18	7.094525923543641e-45
1.830311675620617e+18	7.085946715637647e-45
1.855825227755526e+18	7.077598661518711e-45
1.881694424970552e+18	7.069435345846608e-45
1.907924224765265e+18	7.061435359456802e-45
1.934519653744048e+18	7.053607821377595e-45
1.961485808579437e+18	7.045998621925717e-45
1.988827856988804e+18	7.038668158974563e-45
2.016551038724744e+18	7.031576591993053e-45
2.044660666579118e+18	7.024663565679229e-45
2.073162127401235e+18	7.017890127991907e-45
2.102060883130167e+18	7.011243780293037e-45
2.131362471841433e+18	7.004744194045611e-45
2.161072508808377e+18	6.998449299056887e-45
2.191196687578152e+18	6.992399697334392e-45
2.221740781062892e+18	6.986538407828062e-45
2.252710642645974e+18	6.980811447434281e-45
2.284112207303821e+18	6.975187567869299e-45
2.315951492743155e+18	6.969663483032018e-45
2.348234600554281e+18	6.964269787030319e-45
2.380967717380368e+18	6.959073311444489e-45
2.414157116103013e+18	6.954084536257571e-45
2.447809157044440e+18	6.949240667327671e-45
2.481930289186258e+18	6.944494196183924e-45
2.516527051405400e+18	6.939821703234327e-45
2.551606073727176e+18	6.935229273363765e-45
2.587174078595918e+18	6.930758617581259e-45
2.623237882163124e+18	6.926477477604326e-45
2.659804395593764e+18	6.922364552245532e-45
2.696880626390704e+18	6.918359337622983e-45
2.734473679737574e+18	6.914421644141313e-45
2.772590759860481e+18	6.910536899319354e-45
2.811239171408467e+18	6.906721771956088e-45
2.850426320853444e+18	6.903030512172676e-45
2.890159717909500e+18	6.899519704379241e-45
2.930446976972138e+18	6.896141723414700e-45
2.971295818577334e+18	6.892839214371425e-45
3.012714070881170e+18	6.889576297602482e-45
3.054709671159981e+18	6.886343656870360e-45
3.097290667331401e+18	6.883164292846078e-45
3.140465219496749e+18	6.880098756594834e-45
3.184241601504656e+18	6.877178032566356e-45
3.228628202536740e+18	6.874351615856896e-45
3.273633528715234e+18	6.871580739285036e-45
3.319266204733183e+18	6.868852027126613e-45
3.365534975507095e+18	6.866183095666875e-45
3.412448707852896e+18	6.863628864805275e-45
3.460016392185123e+18	6.861277983991760e-45
3.508247144239781e+18	6.859113765382975e-45
3.557150206821382e+18	6.857028093643111e-45
3.606734951574032e+18	6.854920060325464e-45
3.657010880777501e+18	6.852701847805008e-45
3.707987629168157e+18	6.850302792787750e-45
3.759674965785460e+18	6.847674021586820e-45
3.812082795843888e+18	6.844808553970470e-45
3.865221162631269e+18	6.841819855979684e-45
3.919100249433418e+18	6.838910961802724e-45
3.973730381485596e+18	6.836360505349992e-45
4.029122027951344e+18	6.834534816782273e-45
4.085285803928565e+18	6.833901883437382e-45
4.142232472483907e+18	6.835045962827692e-45
4.199972946715289e+18	6.838162057084374e-45
4.258518291843406e+18	6.842183803298614e-45
4.317879727332021e+18	6.845632033092865e-45
4.378068629038175e+18	6.846746992635031e-45
4.439096531392185e+18	6.843462139173230e-45
4.500975129608033e+18	6.833388822955802e-45
4.563716281924754e+18	6.813841022972335e-45
4.627332011878693e+18	6.782496951238314e-45
4.691834510607809e+18	6.737658224322850e-45
4.757236139187870e+18	6.677710494619710e-45
4.823549431001458e+18	6.601158224595179e-45
4.890787094139590e+18	6.506704070722241e-45
4.958962013837222e+18	6.393333737815820e-45
5.028087254942496e+18	6.260689140271311e-45
5.098176064420409e+18	6.111477449583906e-45
5.169241873891593e+18	5.950207181966087e-45
5.241298302206062e+18	5.781606327360919e-45
5.314359158053252e+18	5.610415396638581e-45
5.388438442608202e+18	5.441245588848900e-45
5.463550352214865e+18	5.278502046554050e-45
5.539709281106400e+18	5.125403985809135e-45
5.616929824163815e+18	4.981377408180647e-45
5.695226779712843e+18	4.845027087065741e-45
5.774615152359802e+18	4.715017935105791e-45
5.855110155867232e+18	4.590059344835454e-45
5.936727216069126e+18	4.468894185638387e-45
6.019481973827287e+18	4.350299034827725e-45
6.103390288028596e+18	4.233570089094837e-45
6.188468238624370e+18	4.118860042466865e-45
6.274732129711575e+18	4.006401276335084e-45
6.362198492657495e+18	3.896420934212219e-45
6.450884089267713e+18	3.789140187286206e-45
6.540805914998232e+18	3.684773811965908e-45
6.631981202212662e+18	3.583518538551004e-45
6.724427423484249e+18	3.485375000586771e-45
6.818162294944494e+18	3.390188884367302e-45
6.913203779678156e+18	3.297805715920766e-45
7.009570091165604e+18	3.208075272363151e-45
7.107279696773412e+18	3.120851477934262e-45
7.206351321293060e+18	3.035992247474996e-45
7.306803950529522e+18	2.953369075742546e-45
7.408656834939537e+18	2.872916871475554e-45
7.511929493320953e+18	2.794595153597787e-45
7.616641716552891e+18	2.718364490980683e-45
7.722813571388658e+18	2.644186465582299e-45
7.830465404301215e+18	2.572023723927306e-45
7.939617845382260e+18	2.501839948776301e-45
8.050291812295973e+18	2.433594108495341e-45
8.162508514287237e+18	2.367231018397086e-45
8.276289456246369e+18	2.302694492982310e-45
8.391656442830127e+18	2.239929759695940e-45
8.508631582640564e+18	2.178883525322283e-45
8.627237292461450e+18	2.119503978706221e-45
8.747496301554433e+18	2.061740829204334e-45
8.869431656014740e+18	2.005547767894774e-45
8.993066723187595e+18	1.950882990764272e-45
9.118425196146562e+18	1.897706009154615e-45
9.245531098233580e+18	1.845977333870416e-45
9.374408787663020e+18	1.795658561460971e-45
9.505082962189550e+18	1.746712363528594e-45
9.637578663841069e+18	1.699102377306632e-45
9.771921283717997e+18	1.652792365250692e-45
9.908136566858686e+18	1.607746578646866e-45
1.004625061717344e+19	1.563930175392939e-45
1.018628990244684e+19	1.521309201648080e-45
1.032828125941027e+19	1.479850648933667e-45
1.047225189888435e+19	1.439522435180189e-45
1.061822941099387e+19	1.400293444688298e-45
1.076624177045498e+19	1.362133707233502e-45
1.091631734193613e+19	1.325014162478271e-45
1.106848488549412e+19	1.288906466455400e-45
1.122277356208509e+19	1.253783025661928e-45
1.137921293915318e+19	1.219617018718881e-45
1.153783299629657e+19	1.186382378226094e-45
1.169866413101306e+19	1.154053741344283e-45
1.186173716452479e+19	1.122606404169969e-45
1.202708334768514e+19	1.092016327923540e-45
1.219473436696743e+19	1.062260064209597e-45
1.236472235053713e+19	1.033314804872760e-45
1.253707987440920e+19	1.005158380500535e-45
1.271183996869030e+19	9.777692456829222e-46
1.288903612390897e+19	9.511264758922803e-46
1.306870229743342e+19	9.252097502648678e-46
1.325087291997951e+19	8.999992805467217e-46
1.343558290220826e+19	8.754757773795517e-46
1.362286764141650e+19	8.516204861813928e-46
1.381276302832015e+19	8.284151772985369e-46
1.400530545393217e+19	8.058421323397363e-46
1.420053181653682e+19	7.838841275828123e-46
1.439847952876009e+19	7.625244197944458e-46
1.459918652473983e+19	7.417466907616946e-46
1.480269126739504e+19	7.215350492742082e-46
1.500903275579734e+19	7.018740467039188e-46
1.521825053264387e+19	6.827486661198881e-46
1.543038469183568e+19	6.641443115452482e-46
1.564547588616102e+19	6.460467977363905e-46
1.586356533508586e+19	6.284423296521782e-46
1.608469483265355e+19	6.113174585973854e-46
1.630890675549334e+19	5.946590989833661e-46
1.653624407094186e+19	5.784545293638039e-46
1.676675034527694e+19	5.626913829698824e-46
1.700046975206715e+19	5.473576381526556e-46
1.723744708063620e+19	5.324416091433331e-46
1.747772774464684e+19	5.179319233959590e-46
1.772135779080366e+19	5.038174978811769e-46
1.796838390767716e+19	4.900875538922054e-46
1.821885343465165e+19	4.767316120417333e-46
1.847281437099636e+19	4.637394843547648e-46
1.873031538506442e+19	4.511012664381788e-46
1.899140582361928e+19	4.388073292071404e-46
1.925613572129195e+19	4.268482957511781e-46
1.952455581016861e+19	4.152150341782376e-46
1.979671752951337e+19	4.038986648056995e-46
2.007267303562577e+19	3.928905539866079e-46
2.035247521183572e+19	3.821823075000368e-46
2.063617767863857e+19	3.717657639781267e-46
2.092383480396979e+19	3.616329867081803e-46
2.121550171362457e+19	3.517762442356667e-46
2.151123430182158e+19	3.421880122496410e-46
2.181108924191515e+19	3.328609742809418e-46
2.211512399725489e+19	3.237880161430448e-46
2.242339683219850e+19	3.149622204186182e-46
2.273596682327724e+19	3.063768610729536e-46
2.305289387051701e+19	2.980253947135031e-46
2.337423870891812e+19	2.899014476101421e-46
2.370006292009330e+19	2.819988196244674e-46
2.403042894406975e+19	2.743114815991417e-46
2.436540009125456e+19	2.668335707313190e-46
2.470504055456820e+19	2.595593859737884e-46
2.504941542174503e+19	2.524833835466342e-46
2.539859068780729e+19	2.456001679751646e-46
2.575263326771209e+19	2.389044856978521e-46
2.611161100917452e+19	2.323912272379239e-46
2.647559270567064e+19	2.260554237945935e-46
2.684464810961965e+19	2.198922434105587e-46
2.721884794575185e+19	2.138969871577283e-46
2.759826392466169e+19	2.080650851732739e-46
2.798296875655110e+19	2.023920885513203e-46
2.837303616516212e+19	1.968736673795945e-46
2.876854090190597e+19	1.915056106915461e-46
2.916955876018805e+19	1.862838232924406e-46
2.957616658993245e+19	1.812043225788358e-46
2.998844231231025e+19	1.762632354008716e-46
3.040646493467068e+19	1.714567943093671e-46
3.083031456568283e+19	1.667813312742278e-46
3.126007243068691e+19	1.622332776857309e-46
3.169582088726109e+19	1.578091629034827e-46
3.213764344100275e+19	1.535056115849721e-46
3.258562476153230e+19	1.493193410413791e-46
3.303985069871868e+19	1.452471586754829e-46
3.350040829913122e+19	1.412859582795593e-46
3.396738582272203e+19	1.374327160592664e-46
3.444087275973823e+19	1.336844907693983e-46
3.492095984787279e+19	1.300384218289869e-46
3.540773908965255e+19	1.264917271150997e-46
3.590130377007061e+19	1.230417007678944e-46
3.640174847446138e+19	1.196857110564897e-46
3.690916910662782e+19	1.164211969018491e-46
3.742366290721992e+19	1.132456658338036e-46
3.794532847236927e+19	1.101566935997048e-46
3.847426577258498e+19	1.071519223733530e-46
3.901057617190993e+19	1.042290589298708e-46
3.955436244734710e+19	1.013858728337173e-46
4.010572880855479e+19	9.862019457885336e-47
4.066478091781846e+19	9.592991263858295e-47
4.123162591029749e+19	9.331297258580919e-47
4.180637241455762e+19	9.076737623534100e-47
4.238913057338792e+19	8.829118011167232e-47
4.298001206490817e+19	8.588249393472406e-47
4.357913012397021e+19	8.353947913793692e-47
4.418659956385941e+19	8.126034716193838e-47
4.480253679829499e+19	7.904335726264000e-47
4.542705986374024e+19	7.688681607771382e-47
4.606028844202389e+19	7.478907657711666e-47
4.670234388327331e+19	7.274853679559542e-47
4.735334922917121e+19	7.076363857495723e-47
4.801342923653465e+19	6.883286635455233e-47
4.868271040122304e+19	6.695474558047105e-47
4.936132098237907e+19	6.512784130720972e-47
5.004939102700954e+19	6.335075776618814e-47
5.074705239490476e+19	6.162213735837238e-47
5.145443878390945e+19	5.994065960763219e-47
5.217168575554333e+19	5.830504011912448e-47
5.289893076098145e+19	5.671402957172811e-47
5.363631316739246e+19	5.516641230928842e-47
5.438397428464813e+19	5.366100553223292e-47
5.514205739240324e+19	5.219665876313351e-47
5.591070776755282e+19	5.077225297262971e-47
5.669007271207434e+19	4.938669971283580e-47
5.748030158125362e+19	4.803894026080278e-47
5.828154581230864e+19	4.672794474875281e-47
5.909395895340953e+19	4.545271101883091e-47
5.991769669310613e+19	4.421226414499134e-47
6.075291689016078e+19	4.300565584144916e-47
6.159977960380181e+19	4.183196373471406e-47
6.245844712439643e+19	4.069029064397610e-47
6.332908400455102e+19	3.957976388323763e-47
6.421185709064758e+19	3.849953448326610e-47
6.510693555481468e+19	3.744877635766738e-47
6.601449092734910e+19	3.642668594063790e-47
6.693469712958640e+19	3.543248161876528e-47
6.786773050723288e+19	3.446540313040107e-47
6.881376986415670e+19	3.352471096832430e-47
6.977299649665552e+19	3.260968580968966e-47
7.074559422819907e+19	3.171962782486960e-47
7.173174944465598e+19	3.085385611944876e-47
7.273165113001454e+19	3.001170838681057e-47
7.374549090259562e+19	2.919254041047820e-47
7.477346305177611e+19	2.839572556758701e-47
7.581576457522088e+19	2.762065433531943e-47
7.687259521663720e+19	2.686673381694467e-47
7.794415750404951e+19	2.613338715732262e-47
7.903065678861364e+19	2.542005317186596e-47
8.013230128396919e+19	2.472618600138709e-47
8.124930210614031e+19	2.405125469444254e-47
8.238187331399601e+19	2.339474279553660e-47
8.353023195026788e+19	2.275614794089916e-47
8.469459808314610e+19	2.213498145407892e-47
8.587519484845144e+19	2.153076788483327e-47
8.707224849239903e+19	2.094304473731550e-47
8.828598841495151e+19	2.037136214580048e-47
8.951664721378320e+19	1.981528252961285e-47
9.076446072885394e+19	1.927438025094941e-47
9.202966808760390e+19	1.874824128623776e-47
9.331251175078240e+19	1.823646287567530e-47
9.461323755890780e+19	1.773865318350462e-47
9.593209477938271e+19	1.725443106634968e-47
9.726933615426139e+19	1.678342578891283e-47
9.862521794868765e+19	1.632527673905626e-47
1.000000000000000e+20	1.587963314409751e-47
