# z_g, dEg/dE(E_in, z=0, z_g), log10(E_in [eV]) = 17, 18, 19, 20, 21
0.0001               1               1               1               1               1
0.000102188               1               1         1.00001         1.00026         1.00081
0.000104423               1         1.00001         1.00002         1.00054         1.00164
0.000106707         1.00001         1.00001         1.00004         1.00081         1.00249
0.000109041         1.00001         1.00001         1.00005          1.0011         1.00335
0.000111427         1.00001         1.00002         1.00006         1.00138         1.00424
0.000113864         1.00001         1.00002         1.00007         1.00168         1.00515
0.000116355         1.00002         1.00003         1.00009         1.00198         1.00607
0.0001189         1.00002         1.00003          1.0001         1.00229         1.00702
0.000121501         1.00002         1.00004         1.00011         1.00261         1.00799
0.000124159         1.00002         1.00004         1.00013         1.00293         1.00899
0.000126875         1.00003         1.00004         1.00014         1.00326            1.01
0.000129651         1.00003         1.00005         1.00016          1.0036         1.01104
0.000132487         1.00003         1.00005         1.00017         1.00395         1.01211
0.000135385         1.00004         1.00006         1.00019          1.0043         1.01319
0.000138347         1.00004         1.00006          1.0002         1.00466         1.01431
0.000141373         1.00004         1.00007         1.00022         1.00503         1.01544
0.000144466         1.00004         1.00007         1.00023         1.00541         1.01661
0.000147626         1.00005         1.00008         1.00025         1.00579          1.0178
0.000150855         1.00005         1.00008         1.00027         1.00619         1.01902
0.000154155         1.00005         1.00009         1.00028         1.00659         1.02027
0.000157528         1.00006         1.00009          1.0003         1.00701         1.02155
0.000160974         1.00006          1.0001         1.00032         1.00743         1.02285
0.000164495         1.00006         1.00011         1.00034         1.00786         1.02419
0.000168093         1.00007         1.00011         1.00036          1.0083         1.02556
0.00017177         1.00007         1.00012         1.00038         1.00875         1.02696
0.000175528         1.00008         1.00012          1.0004         1.00922         1.02839
0.000179368         1.00008         1.00013         1.00042         1.00969         1.02986
0.000183291         1.00008         1.00014         1.00044         1.01017         1.03136
0.000187301         1.00009         1.00014         1.00046         1.01067          1.0329
0.000191398         1.00009         1.00015         1.00048         1.01117         1.03447
0.000195585          1.0001         1.00016          1.0005         1.01169         1.03608
0.000199864          1.0001         1.00016         1.00052         1.01222         1.03773
0.000204236          1.0001         1.00017         1.00055         1.01276         1.03942
0.000208704         1.00011         1.00018         1.00057         1.01331         1.04114
0.000213269         1.00011         1.00019         1.00059         1.01388         1.04291
0.000217934         1.00012         1.00019         1.00062         1.01446         1.04472
0.000222702         1.00012          1.0002         1.00064         1.01505         1.04658
0.000227574         1.00013         1.00021         1.00067         1.01565         1.04847
0.000232552         1.00013         1.00022          1.0007         1.01627         1.05042
0.000237639         1.00014         1.00023         1.00072         1.01691         1.05241
0.000242837         1.00014         1.00024         1.00075         1.01756         1.05444
0.00024815         1.00015         1.00024         1.00078         1.01822         1.05653
0.000253578         1.00015         1.00025         1.00081          1.0189         1.05867
0.000259125         1.00016         1.00026         1.00084         1.01959         1.06086
0.000264793         1.00016         1.00027         1.00087          1.0203          1.0631
0.000270586         1.00017         1.00028          1.0009         1.02103         1.06539
0.000276505         1.00018         1.00029         1.00093         1.02177         1.06775
0.000282554         1.00018          1.0003         1.00096         1.02254         1.07016
0.000288735         1.00019         1.00031         1.00099         1.02331         1.07262
0.000295051          1.0002         1.00032         1.00102         1.02411         1.07515
0.000301505          1.0002         1.00033         1.00106         1.02493         1.07774
0.000308101         1.00021         1.00034         1.00109         1.02576          1.0804
0.000314841         1.00021         1.00035         1.00113         1.02662         1.08312
0.000321728         1.00022         1.00037         1.00116         1.02749          1.0859
0.000328766         1.00023         1.00038          1.0012         1.02838         1.08876
0.000335958         1.00024         1.00039         1.00124          1.0293         1.09169
0.000343307         1.00024          1.0004         1.00128         1.03024         1.09469
0.000350817         1.00025         1.00041         1.00132         1.03119         1.09776
0.000358491         1.00026         1.00043         1.00136         1.03218         1.10092
0.000366333         1.00027         1.00044          1.0014         1.03318         1.10415
0.000374347         1.00027         1.00045         1.00144         1.03421         1.10746
0.000382536         1.00028         1.00047         1.00148         1.03526         1.11086
0.000390904         1.00029         1.00048         1.00153         1.03634         1.11434
0.000399455          1.0003         1.00049         1.00157         1.03744         1.11791
0.000408194         1.00031         1.00051         1.00162         1.03857         1.12157
0.000417123         1.00032         1.00052         1.00167         1.03973         1.12533
0.000426248         1.00033         1.00054         1.00171         1.04091         1.12918
0.000435572         1.00034         1.00055         1.00176         1.04213         1.13314
0.0004451         1.00035         1.00057         1.00181         1.04337         1.13719
0.000454837         1.00035         1.00059         1.00186         1.04464         1.14135
0.000464787         1.00036          1.0006         1.00192         1.04594         1.14562
0.000474954         1.00037         1.00062         1.00197         1.04728            1.15
0.000485344         1.00039         1.00064         1.00203         1.04864         1.15449
0.000495961          1.0004         1.00065         1.00208         1.05004          1.1591
0.00050681         1.00041         1.00067         1.00214         1.05148         1.16384
0.000517897         1.00042         1.00069          1.0022         1.05294          1.1687
0.000529226         1.00043         1.00071         1.00226         1.05445         1.17368
0.000540803         1.00044         1.00073         1.00232         1.05599         1.17881
0.000552634         1.00045         1.00075         1.00238         1.05757         1.18407
0.000564723         1.00046         1.00077         1.00244         1.05919         1.18947
0.000577076         1.00048         1.00079         1.00251         1.06084         1.19502
0.0005897         1.00049         1.00081         1.00258         1.06254         1.20071
0.0006026          1.0005         1.00083         1.00264         1.06428         1.20657
0.000615782         1.00052         1.00085         1.00271         1.06607         1.21258
0.000629252         1.00053         1.00087         1.00278          1.0679         1.21876
0.000643018         1.00054          1.0009         1.00286         1.06977         1.22511
0.000657084         1.00056         1.00092         1.00293         1.07169         1.23164
0.000671458         1.00057         1.00094         1.00301         1.07366         1.23835
0.000686146         1.00059         1.00097         1.00308         1.07568         1.24525
0.000701156          1.0006         1.00099         1.00316         1.07775         1.25234
0.000716494         1.00062         1.00102         1.00324         1.07987         1.25963
0.000732168         1.00063         1.00104         1.00333         1.08205         1.26713
0.000748184         1.00065         1.00107         1.00341         1.08428         1.27485
0.000764551         1.00066          1.0011          1.0035         1.08657         1.28279
0.000781276         1.00068         1.00112         1.00358         1.08892         1.29088
0.000798366          1.0007         1.00115         1.00368         1.09133         1.29905
0.000815831         1.00072         1.00118         1.00377          1.0938         1.30743
0.000833678         1.00073         1.00121         1.00386         1.09634         1.31608
0.000851915         1.00075         1.00124         1.00396         1.09894         1.32497
0.000870551         1.00077         1.00127         1.00406         1.10161         1.33413
0.000889594         1.00079          1.0013         1.00416         1.10435         1.34354
0.000909054         1.00081         1.00134         1.00426         1.10717         1.35327
0.00092894         1.00083         1.00137         1.00436         1.11006         1.36326
0.000949261         1.00085          1.0014         1.00447         1.11302         1.37357
0.000970027         1.00087         1.00144         1.00458         1.11607         1.38419
0.000991246         1.00089         1.00147         1.00469         1.11919         1.39512
0.00101293         1.00091         1.00151         1.00481          1.1224         1.40639
0.00103509         1.00093         1.00154         1.00493          1.1257           1.418
0.00105773         1.00096         1.00158         1.00504         1.12909         1.42997
0.00108087         1.00098         1.00162         1.00517         1.13257          1.4423
0.00110451           1.001         1.00166         1.00529         1.13614         1.45505
0.00112868         1.00103          1.0017         1.00542         1.13982         1.46817
0.00115337         1.00105         1.00174         1.00555          1.1436         1.48175
0.0011786         1.00108         1.00178         1.00568         1.14748         1.49572
0.00120438          1.0011         1.00182         1.00582         1.15147         1.51016
0.00123073         1.00113         1.00187         1.00596         1.15557         1.52509
0.00125765         1.00116         1.00191          1.0061          1.1598         1.54049
0.00128516         1.00119         1.00196         1.00625         1.16414         1.55641
0.00131327         1.00121           1.002          1.0064          1.1686         1.57284
0.001342         1.00124         1.00205         1.00655          1.1732         1.58987
0.00137136         1.00127          1.0021         1.00671         1.17793         1.60745
0.00140136          1.0013         1.00215         1.00686         1.18279         1.62559
0.00143201         1.00133          1.0022         1.00703          1.1878         1.64441
0.00146334         1.00136         1.00225         1.00719         1.19296         1.66361
0.00149535          1.0014         1.00231         1.00736         1.19828         1.68339
0.00152806         1.00143         1.00236         1.00754         1.20375         1.70386
0.00156149         1.00146         1.00242         1.00771         1.20938           1.725
0.00159565          1.0015         1.00247         1.00789         1.21519         1.74692
0.00163055         1.00153         1.00253         1.00808         1.22118          1.7697
0.00166622         1.00157         1.00259         1.00827         1.22735         1.79324
0.00170267          1.0016         1.00265         1.00846         1.23372         1.81768
0.00173992         1.00164         1.00271         1.00866         1.24028         1.84292
0.00177798         1.00168         1.00277         1.00886         1.24705         1.86913
0.00181687         1.00172         1.00284         1.00907         1.25404         1.89636
0.00185662         1.00176         1.00291         1.00928         1.26125         1.92465
0.00189723          1.0018         1.00297          1.0095         1.26869         1.95401
0.00193873         1.00184         1.00304         1.00972         1.27638         1.98444
0.00198114         1.00188         1.00311         1.00994         1.28432         2.01601
0.00202448         1.00192         1.00318         1.01017         1.29253         2.04895
0.00206877         1.00197         1.00326         1.01041         1.30101         2.08309
0.00211402         1.00201         1.00333         1.01065         1.30978          2.1186
0.00216027         1.00206         1.00341          1.0109         1.31884         2.15518
0.00220752         1.00211         1.00349         1.01115         1.32822         2.19333
0.00225581         1.00216         1.00357         1.01141         1.33793         2.23305
0.00230516          1.0022         1.00365         1.01167         1.34798         2.27445
0.00235559         1.00226         1.00373         1.01194         1.35839         2.31746
0.00240712         1.00231         1.00382         1.01222         1.36918         2.36246
0.00245977         1.00236         1.00391          1.0125         1.38035         2.40935
0.00251358         1.00241           1.004         1.01278         1.39194         2.45823
0.00256857         1.00247         1.00409         1.01308         1.40396         2.50928
0.00262476         1.00252         1.00418         1.01338         1.41643         2.56258
0.00268217         1.00258         1.00428         1.01369         1.42938         2.61826
0.00274085         1.00264         1.00438           1.014         1.44282          2.6765
0.0028008          1.0027         1.00448         1.01432         1.45679         2.73693
0.00286207         1.00276         1.00458         1.01465         1.47132         2.80049
0.00292468         1.00282         1.00468         1.01498         1.48643         2.86681
0.00298866         1.00289         1.00479         1.01533         1.50215         2.93646
0.00305404         1.00295          1.0049         1.01568         1.51852         3.00944
0.00312085         1.00302         1.00501         1.01604         1.53558         3.08579
0.00318912         1.00309         1.00512          1.0164         1.55336         3.16609
0.00325888         1.00316         1.00524         1.01678         1.57191         3.25025
0.00333017         1.00323         1.00536         1.01716         1.59126         3.33876
0.00340302          1.0033         1.00548         1.01755         1.61148         3.43179
0.00347746         1.00338          1.0056         1.01795         1.63261         3.52928
0.00355353         1.00345         1.00573         1.01836         1.65471         3.63221
0.00363127         1.00353         1.00586         1.01878         1.67785         3.74046
0.0037107         1.00361         1.00599         1.01921         1.70208         3.85461
0.00379187         1.00369         1.00613         1.01965         1.72748          3.9747
0.00387482         1.00377         1.00627          1.0201         1.75414         4.10177
0.00395959         1.00386         1.00641         1.02055         1.78213         4.23599
0.0040462         1.00395         1.00656         1.02102         1.81155         4.37755
0.00413472         1.00403          1.0067          1.0215         1.84251         4.52735
0.00422516         1.00412         1.00686         1.02199         1.87512         4.68595
0.00431759         1.00422         1.00701         1.02249          1.9095         4.85402
0.00441204         1.00431         1.00717           1.023         1.94578         5.03197
0.00450856         1.00441         1.00733         1.02353         1.98413         5.22125
0.00460718         1.00451          1.0075         1.02406         2.02471         5.42253
0.00470797         1.00461         1.00766         1.02461          2.0677         5.63525
0.00481095         1.00471         1.00784         1.02517         2.11331         5.86181
0.0049162         1.00482         1.00801         1.02574         2.16177         6.10342
0.00502374         1.00492          1.0082         1.02633         2.21333         6.36113
0.00513364         1.00503         1.00838         1.02693         2.26453         6.63602
0.00524594         1.00515         1.00857         1.02754         2.31342         6.92944
0.00536069         1.00526         1.00876         1.02817         2.36515         7.24308
0.00547796         1.00538         1.00896         1.02881            2.42          7.5778
0.00559779          1.0055         1.00916         1.02946         2.47822         7.93671
0.00572025         1.00562         1.00937         1.03013         2.54014         8.32188
0.00584538         1.00574         1.00958         1.03082         2.60959         8.73538
0.00597325         1.00587         1.00979         1.03152         2.68007         9.17948
0.00610392           1.006         1.01001         1.03224         2.75544         9.65578
0.00623744         1.00614         1.01024         1.03297         2.83812         10.1699
0.00637389         1.00627         1.01047         1.03372         2.92488         10.7247
0.00651332         1.00641         1.01071         1.03449         3.02241         11.3213
0.0066558         1.00656         1.01095         1.03527         3.12327         11.9663
0.0068014          1.0067         1.01119         1.03608          3.2346         12.6598
0.00695018         1.00685         1.01145          1.0369         3.35298         13.4128
0.00710222           1.007          1.0117         1.03774         3.48664          14.232
0.00725758         1.00716         1.01197          1.0386         3.62991         15.1184
0.00741635         1.00732         1.01224         1.03948         3.78407         16.0871
0.00757858         1.00748         1.01251         1.04038          3.9591         17.1389
0.00774437         1.00764         1.01279          1.0413         4.14923         18.2872
0.00791378         1.00781         1.01308         1.04224         4.36306         19.5353
0.0080869         1.00799         1.01338         1.04321         4.57504          20.905
0.0082638         1.00816         1.01368         1.04419         4.78395         22.4024
0.00844457         1.00834         1.01398          1.0452         5.03413         24.0401
0.0086293         1.00853          1.0143         1.04624         5.28912         25.8437
0.00881807         1.00872         1.01462         1.04729         5.58564         27.8271
0.00901097         1.00891         1.01495         1.04838         5.92215         30.0068
0.00920809         1.00911         1.01529         1.04948         6.28289         32.4051
0.00940952         1.00931         1.01563         1.05062         6.69626         35.0666
0.00961536         1.00951         1.01599         1.05178         7.18347           38.01
0.0098257         1.00972         1.01635         1.05297         7.70833         41.2607
0.0100406         1.00994         1.01671         1.05418         8.28155         44.8781
0.0102603         1.01016         1.01709         1.05542         8.86557         48.8957
0.0104847         1.01038         1.01748          1.0567         9.56697         53.3859
0.0107141         1.01061         1.01787           1.058         10.3728         58.3723
0.0109485         1.01085         1.01827         1.05933         11.2753         63.9711
0.011188         1.01109         1.01869          1.0607         12.2969         70.2319
0.0114327         1.01133         1.01911          1.0621         13.4506         77.2817
0.0116828         1.01158         1.01954         1.06353         14.7648         85.1809
0.0119384         1.01184         1.01998           1.065         16.2279         94.0984
0.0121995          1.0121         1.02043          1.0665         17.9991         104.171
0.0124664         1.01237          1.0209         1.06803         19.9782         115.583
0.0127391         1.01264         1.02137         1.06961         21.9962         128.517
0.0130178         1.01292         1.02185         1.07122         24.6979         143.218
0.0133025          1.0132         1.02235         1.07287         27.6932         159.992
0.0135935         1.01349         1.02285         1.07456         31.1637         179.173
0.0138909         1.01379         1.02337         1.07629         35.0455         201.099
0.0141948         1.01409          1.0239         1.07806         39.8756         226.315
0.0145053          1.0144         1.02444         1.07988         45.0641         255.311
0.0148226         1.01472           1.025         1.08174         51.1047         288.858
0.0151468         1.01505         1.02557         1.08365         58.1393         327.665
0.0154782         1.01538         1.02615          1.0856         66.5312         372.675
0.0158168         1.01572         1.02674          1.0876         76.1101         425.111
0.0161628         1.01606         1.02735         1.08965         87.2555         486.304
0.0165163         1.01641         1.02797         1.09175         99.0884         557.965
0.0168776         1.01678         1.02861          1.0939         114.876         642.337
0.0172468         1.01715         1.02926          1.0961         131.056         741.515
0.0176241         1.01752         1.02993         1.09836         151.831         859.225
0.0180097         1.01791         1.03061         1.10068         176.222          998.54
0.0184036          1.0183         1.03131         1.10305         205.219         1164.49
0.0188062          1.0187         1.03203         1.10549         239.179         1362.72
0.0192176         1.01912         1.03276         1.10798         278.432         1600.27
0.019638         1.01954         1.03351         1.11054          329.66         1886.13
0.0200676         1.01997         1.03428         1.11316         389.298         2231.56
0.0205066          1.0204         1.03507         1.11585         457.893         2649.96
0.0209552         1.02085         1.03587          1.1186         548.633         3158.26
0.0214136         1.02131          1.0367         1.12143         659.318         3780.59
0.021882         1.02178         1.03754         1.12433         789.225         4543.66
0.0223607         1.02226          1.0384          1.1273         952.501         5482.18
0.0228498         1.02275         1.03929         1.13035         1169.03         6644.97
0.0233497         1.02325          1.0402         1.13348         1420.25         8087.19
0.0238605         1.02376         1.04112         1.13669          1737.8         9886.83
0.0243824         1.02428         1.04207         1.13998         2150.95         12144.7
0.0249158         1.02481         1.04305         1.14336         2657.18           14984
0.0254608         1.02536         1.04405         1.14683         3305.92         18577.9
0.0260178         1.02592         1.04507         1.15039         4124.44         23143.5
0.026587         1.02648         1.04611         1.15404         5195.08         28976.2
0.0271686         1.02707         1.04719         1.15779          6508.5         36475.6
0.0277629         1.02766         1.04829         1.16164         8293.53         46138.2
0.0283702         1.02827         1.04941          1.1656         10614.1         58681.5
0.0289908         1.02889         1.05056         1.16965         13460.2         75056.5
0.029625         1.02952         1.05175         1.17382         17420.8         96556.4
0.030273         1.03017         1.05296          1.1781         22612.8          124858
0.0309353         1.03083          1.0542          1.1825         29236.8          162494
0.031612         1.03151         1.05547         1.18702         38383.4          212655
0.0323035          1.0322         1.05678         1.19166         50525.9          280073
0.0330102         1.03291         1.05811         1.19643         67378.9          371222
0.0337323         1.03363         1.05948         1.20133         89256.8          495251
0.0344702         1.03437         1.06089         1.20637          120148          665068
0.0352242         1.03512         1.06233         1.21155          161651          899010
0.0359948         1.03589         1.06381         1.21688          220268           1e+06
0.0367822         1.03668         1.06533         1.22235          301522           1e+06
0.0375868         1.03748         1.06688         1.22799          417491           1e+06
0.038409         1.03831         1.06848         1.23378          579023           1e+06
0.0392493         1.03915         1.07011         1.23974          815595           1e+06
0.0401079            1.04         1.07179         1.24587           1e+06           1e+06
0.0409852         1.04088         1.07351         1.25218           1e+06           1e+06
0.0418818         1.04178         1.07528         1.25867           1e+06           1e+06
0.042798         1.04269         1.07709         1.26499           1e+06           1e+06
0.0437342         1.04363         1.07896         1.27133           1e+06           1e+06
0.0446909         1.04459         1.08087         1.27806           1e+06           1e+06
0.0456685         1.04556         1.08283         1.28488           1e+06           1e+06
0.0466675         1.04656         1.08485           1.292           1e+06           1e+06
0.0476884         1.04758         1.08691         1.29911           1e+06           1e+06
0.0487316         1.04863         1.08904         1.30665           1e+06           1e+06
0.0497976         1.04969         1.09122         1.31442           1e+06           1e+06
0.050887         1.05078         1.09346          1.3223           1e+06           1e+06
0.0520002         1.05189         1.09577         1.33053           1e+06           1e+06
0.0531377         1.05303         1.09814         1.33877           1e+06           1e+06
0.0543001         1.05419         1.10057          1.3475           1e+06           1e+06
0.0554879         1.05538         1.10307          1.3565           1e+06           1e+06
0.0567017          1.0566         1.10564         1.36565           1e+06           1e+06
0.0579421         1.05784         1.10829         1.37521           1e+06           1e+06
0.0592096          1.0591         1.11101         1.38506           1e+06           1e+06
0.0605049          1.0604          1.1138         1.39498           1e+06           1e+06
0.0618284         1.06172         1.11668         1.40546           1e+06           1e+06
0.0631809         1.06307         1.11964         1.41628           1e+06           1e+06
0.0645631         1.06446         1.12269         1.42732           1e+06           1e+06
0.0659754         1.06587         1.12583         1.43884           1e+06           1e+06
0.0674186         1.06731         1.12906         1.45074           1e+06           1e+06
0.0688934         1.06879         1.13239         1.46304           1e+06           1e+06
0.0704005         1.07029         1.13581         1.47574           1e+06           1e+06
0.0719406         1.07183         1.13934         1.48861           1e+06           1e+06
0.0735143         1.07341         1.14298         1.50218           1e+06           1e+06
0.0751224         1.07501         1.14673         1.51621           1e+06           1e+06
0.0767658         1.07666          1.1506         1.53073           1e+06           1e+06
0.078445         1.07834         1.15459         1.54575           1e+06           1e+06
0.0801611         1.08005          1.1587         1.56131           1e+06           1e+06
0.0819146         1.08181         1.16295         1.57728           1e+06           1e+06
0.0837065          1.0836         1.16733         1.59242           1e+06           1e+06
0.0855376         1.08543         1.17185         1.60879           1e+06           1e+06
0.0874088          1.0873         1.17653         1.62572           1e+06           1e+06
0.0893209         1.08921         1.18135         1.64324           1e+06           1e+06
0.0912748         1.09117         1.18634          1.6611           1e+06           1e+06
0.0932715         1.09316          1.1915         1.67989           1e+06           1e+06
0.0953119          1.0952         1.19683         1.69935           1e+06           1e+06
0.0973969         1.09729         1.20235         1.71953           1e+06           1e+06
0.0995274         1.09942         1.20806         1.73984           1e+06           1e+06
0.101705         1.10159         1.21397         1.76152           1e+06           1e+06
0.103929         1.10382          1.2201         1.78403           1e+06           1e+06
0.106203         1.10609         1.22644         1.80739           1e+06           1e+06
0.108526         1.10842         1.23248         1.83164           1e+06           1e+06
0.1109         1.11079         1.23881         1.85702           1e+06           1e+06
0.113326         1.11321         1.24535         1.88289           1e+06           1e+06
0.115805         1.11569         1.25212         1.91012           1e+06           1e+06
0.118339         1.11823         1.25913         1.93846           1e+06           1e+06
0.120927         1.12082         1.26608         1.96674           1e+06           1e+06
0.123573         1.12346          1.2736          1.9959           1e+06           1e+06
0.126276         1.12616         1.28139         2.02571           1e+06           1e+06
0.129038         1.12893         1.28947         2.05721           1e+06           1e+06
0.131861         1.13175         1.29786         2.09039           1e+06           1e+06
0.134745         1.13463         1.30657         2.12452           1e+06           1e+06
0.137693         1.13758         1.31562         2.16005           1e+06           1e+06
0.140705         1.14059         1.32503         2.19708           1e+06           1e+06
0.143783         1.14367         1.33481         2.23568           1e+06           1e+06
0.146928         1.14681         1.34499         2.27617           1e+06           1e+06
0.150143         1.15003         1.35559         2.31704           1e+06           1e+06
0.153427         1.15331         1.36663         2.36089           1e+06           1e+06
0.156783         1.15667         1.37815          2.4056           1e+06           1e+06
0.160213          1.1601         1.39016         2.45254           1e+06           1e+06
0.163718          1.1636         1.40271         2.50106           1e+06           1e+06
0.167299         1.16718         1.41582         2.55175           1e+06           1e+06
0.170959         1.17084         1.42954         2.60551           1e+06           1e+06
0.174699         1.17458          1.4439         2.66097           1e+06           1e+06
0.17852          1.1784         1.45894         2.71903           1e+06           1e+06
0.182425         1.18231         1.47471         2.77984           1e+06           1e+06
0.186416          1.1863         1.49126         2.84414           1e+06           1e+06
0.190494         1.19037         1.50866         2.91369           1e+06           1e+06
0.194661         1.19454         1.52695         2.99206           1e+06           1e+06
0.198919          1.1988         1.54622         3.07577           1e+06           1e+06
0.203271         1.20315         1.56652         3.16313           1e+06           1e+06
0.207717          1.2076         1.58795         3.25632           1e+06           1e+06
0.212261         1.21214         1.60934         3.35442           1e+06           1e+06
0.216905         1.21678         1.63107          3.4592           1e+06           1e+06
0.221649         1.22153         1.65396         3.57019           1e+06           1e+06
0.226498         1.22638         1.67809         3.69868           1e+06           1e+06
0.231453         1.23133         1.70358         3.89842           1e+06           1e+06
0.236516         1.23639         1.73052         4.12076           1e+06           1e+06
0.24169         1.24157         1.75928         4.37009           1e+06           1e+06
0.246977         1.24685         1.78953         4.64422           1e+06           1e+06
0.25238         1.25225         1.82165         4.95849           1e+06           1e+06
0.257901         1.25778         1.85581         5.36507           1e+06           1e+06
0.263542         1.26342         1.89272         6.13806           1e+06           1e+06
0.269307         1.26918         1.93158         7.16136           1e+06           1e+06
0.275198         1.27507         1.97313         8.57518           1e+06           1e+06
0.281219         1.28109         2.01765         10.7676           1e+06           1e+06
0.28737         1.28724         2.06574         15.6185           1e+06           1e+06
0.293657         1.29353         2.11898         27.0488           1e+06           1e+06
0.300081         1.29995         2.17362         72.2203           1e+06           1e+06
0.306645         1.30652         2.22833         631.427           1e+06           1e+06
0.313353         1.31322         2.28843         26665.9           1e+06           1e+06
0.320208         1.32008         2.35115           1e+06           1e+06           1e+06
0.327212         1.32708         2.41924           1e+06           1e+06           1e+06
0.33437         1.33424         2.49371           1e+06           1e+06           1e+06
0.341685         1.34155         2.57348           1e+06           1e+06           1e+06
0.349159         1.34903         2.66114           1e+06           1e+06           1e+06
0.356797         1.35666         2.75618           1e+06           1e+06           1e+06
0.364602         1.36447         2.86045           1e+06           1e+06           1e+06
0.372578         1.37245         2.97826           1e+06           1e+06           1e+06
0.380728          1.3806         3.10847           1e+06           1e+06           1e+06
0.389057         1.38892         3.23559           1e+06           1e+06           1e+06
0.397568         1.39744         3.37471           1e+06           1e+06           1e+06
0.406265         1.40613         3.53024           1e+06           1e+06           1e+06
0.415152         1.41502         3.70206           1e+06           1e+06           1e+06
0.424233          1.4241         3.89688           1e+06           1e+06           1e+06
0.433514         1.43339         4.12261           1e+06           1e+06           1e+06
0.442997         1.44287           4.362           1e+06           1e+06           1e+06
0.452688         1.45256         4.61916           1e+06           1e+06           1e+06
0.46259         1.46247         4.89872           1e+06           1e+06           1e+06
0.47271         1.47259         5.22883           1e+06           1e+06           1e+06
0.48305         1.48294         5.60758           1e+06           1e+06           1e+06
0.493617         1.49351         6.02688           1e+06           1e+06           1e+06
0.504415         1.50432         6.48174           1e+06           1e+06           1e+06
0.51545         1.51536         7.01341           1e+06           1e+06           1e+06
0.526725         1.52665         7.64916           1e+06           1e+06           1e+06
0.538248         1.53818         8.33619           1e+06           1e+06           1e+06
0.550022         1.54997         9.09346           1e+06           1e+06           1e+06
0.562054         1.56203          10.037           1e+06           1e+06           1e+06
0.574349         1.57435         11.0836           1e+06           1e+06           1e+06
0.586913         1.58694         12.3235           1e+06           1e+06           1e+06
0.599752         1.59981         13.6323           1e+06           1e+06           1e+06
0.612872         1.61297         15.3252           1e+06           1e+06           1e+06
0.626279         1.62643         17.1678           1e+06           1e+06           1e+06
0.639979         1.64018         19.4526           1e+06           1e+06           1e+06
0.653979         1.65425         21.9918           1e+06           1e+06           1e+06
0.668285         1.66864         24.9527           1e+06           1e+06           1e+06
0.682904         1.68336         28.6034           1e+06           1e+06           1e+06
0.697843         1.69841         32.4921           1e+06           1e+06           1e+06
0.713108         1.71383         37.1424           1e+06           1e+06           1e+06
0.728708          1.7296         42.2726           1e+06           1e+06           1e+06
0.744648         1.74576         49.2932           1e+06           1e+06           1e+06
0.760938         1.76232         56.0439           1e+06           1e+06           1e+06
0.777584         1.77929         64.2579           1e+06           1e+06           1e+06
0.794594         1.79663         73.9631           1e+06           1e+06           1e+06
0.811976          1.8144         87.7339           1e+06           1e+06           1e+06
0.829738         1.83263         116.763           1e+06           1e+06           1e+06
0.847889         1.85138         195.479           1e+06           1e+06           1e+06
0.866437          1.8706         951.243           1e+06           1e+06           1e+06
0.88539         1.89036           1e+06           1e+06           1e+06           1e+06
0.904759         1.91072           1e+06           1e+06           1e+06           1e+06
0.924551         1.93169           1e+06           1e+06           1e+06           1e+06
0.944776         1.95333           1e+06           1e+06           1e+06           1e+06
0.965443         1.97577           1e+06           1e+06           1e+06           1e+06
0.986562         1.99898           1e+06           1e+06           1e+06           1e+06
1.00814         2.02272           1e+06           1e+06           1e+06           1e+06
1.0302         2.04757           1e+06           1e+06           1e+06           1e+06
1.05273         2.07306           1e+06           1e+06            -nan            -nan
1.07576         2.09962           1e+06           1e+06            -nan            -nan
1.09929         2.12758           1e+06           1e+06            -nan            -nan
1.12334         2.15668           1e+06           1e+06            -nan            -nan
1.14792         2.18734           1e+06           1e+06            -nan            -nan
1.17303         2.22004           1e+06           1e+06            -nan            -nan
1.19869         2.25446           1e+06            -nan            -nan            -nan
1.22491         2.29148           1e+06            -nan            -nan            -nan
1.2517         2.32914           1e+06            -nan            -nan            -nan
1.27909          2.3705           1e+06            -nan            -nan            -nan
1.30707         2.41366           1e+06            -nan            -nan            -nan
1.33566         2.46002           1e+06            -nan            -nan            -nan
1.36488         2.51131           1e+06            -nan            -nan            -nan
1.39473         2.56649           1e+06            -nan            -nan            -nan
1.42524         2.62911           1e+06            -nan            -nan            -nan
1.45642         2.69738           1e+06            -nan            -nan            -nan
1.48828         2.77383           1e+06            -nan            -nan            -nan
1.52084         2.85344           1e+06            -nan            -nan            -nan
1.55411         2.94023           1e+06            -nan            -nan            -nan
1.5881         3.04687           1e+06            -nan            -nan            -nan
1.62285          3.1594            -nan            -nan            -nan            -nan
1.65835         3.29432            -nan            -nan            -nan            -nan
1.69462         3.44708            -nan            -nan            -nan            -nan
1.73169         3.62931            -nan            -nan            -nan            -nan
1.76957         3.83184            -nan            -nan            -nan            -nan
1.80828         4.07711            -nan            -nan            -nan            -nan
1.84784         4.35514            -nan            -nan            -nan            -nan
1.88826         4.70456            -nan            -nan            -nan            -nan
1.92957         5.14297            -nan            -nan            -nan            -nan
1.97178         5.67797            -nan            -nan            -nan            -nan
2.01491         6.32355            -nan            -nan            -nan            -nan
2.05899         7.16625            -nan            -nan            -nan            -nan
2.10403         8.32408            -nan            -nan            -nan            -nan
2.15006         9.98872            -nan            -nan            -nan            -nan
2.19709         12.0766            -nan            -nan            -nan            -nan
2.24515         15.4602            -nan            -nan            -nan            -nan
2.29427         20.1759            -nan            -nan            -nan            -nan
2.34446         28.6438            -nan            -nan            -nan            -nan
2.39574         44.5297            -nan            -nan            -nan            -nan
2.44815         72.8994            -nan            -nan            -nan            -nan
2.5017         142.118            -nan            -nan            -nan            -nan
2.55643         299.888            -nan            -nan            -nan            -nan
2.61235         734.381            -nan            -nan            -nan            -nan
2.6695         1536.37            -nan            -nan            -nan            -nan
2.7279         31989.7            -nan            -nan            -nan            -nan
2.78757           1e+06            -nan            -nan            -nan            -nan
2.84855           1e+06            -nan            -nan            -nan            -nan
2.91086           1e+06            -nan            -nan            -nan            -nan
2.97454           1e+06            -nan            -nan            -nan            -nan
3.03961           1e+06            -nan            -nan            -nan            -nan
3.1061           1e+06            -nan            -nan            -nan            -nan
3.17405           1e+06            -nan            -nan            -nan            -nan
3.24348            -nan            -nan            -nan            -nan            -nan
3.31443            -nan            -nan            -nan            -nan            -nan
3.38694            -nan            -nan            -nan            -nan            -nan
3.46103            -nan            -nan            -nan            -nan            -nan
3.53674            -nan            -nan            -nan            -nan            -nan
3.61411            -nan            -nan            -nan            -nan            -nan
3.69317            -nan            -nan            -nan            -nan            -nan
3.77396            -nan            -nan            -nan            -nan            -nan
3.85651            -nan            -nan            -nan            -nan            -nan
3.94088            -nan            -nan            -nan            -nan            -nan
4.02708            -nan            -nan            -nan            -nan            -nan
4.11518            -nan            -nan            -nan            -nan            -nan
4.2052            -nan            -nan            -nan            -nan            -nan
4.29719            -nan            -nan            -nan            -nan            -nan
4.39119            -nan            -nan            -nan            -nan            -nan
4.48725            -nan            -nan            -nan            -nan            -nan
4.58541            -nan            -nan            -nan            -nan            -nan
4.68572            -nan            -nan            -nan            -nan            -nan
4.78822            -nan            -nan            -nan            -nan            -nan
4.89296            -nan            -nan            -nan            -nan            -nan
5            -nan            -nan            -nan            -nan            -nan
