1.000000000000000e-04 3.081575685313008e-19 2.804949509498061e-18 7.167226321104635e-18 1.231866938685783e-17 1.780281180056326e-17 2.322578682583029e-17 2.900367906607385e-17 3.550258359661848e-17 4.230069202949477e-17 4.904985922189612e-17 7.534806435427295e-17 8.170132713162642e-17 9.755840582720035e-17 1.081458514046786e-16 1.127431063715408e-16 1.172496187482786e-16 1.187938330210201e-16 1.174512116961351e-16 2.144195562668887e-16 5.949556072283615e-16
1.123324032978028e-04 3.081575685313008e-19 2.804949509498061e-18 7.167226321104635e-18 1.231866938685783e-17 1.780281180056326e-17 2.322578682583029e-17 2.900367906607385e-17 3.550258359661848e-17 4.230069202949477e-17 4.904985922189612e-17 7.534806435427295e-17 8.170132713162642e-17 9.755840582720035e-17 1.081458514046786e-16 1.127431063715408e-16 1.172496187482786e-16 1.187938330210201e-16 1.174512116961351e-16 2.144195562668887e-16 5.949556072283615e-16
1.261856883066021e-04 3.081575685313008e-19 2.804949509498061e-18 7.167226321104635e-18 1.231866938685783e-17 1.780281180056326e-17 2.322578682583029e-17 2.900367906607385e-17 3.550258359661848e-17 4.230069202949477e-17 4.904985922189612e-17 7.534806435427295e-17 8.170132713162642e-17 9.755840582720035e-17 1.081458514046786e-16 1.127431063715408e-16 1.172496187482786e-16 1.187938330210201e-16 1.174512116961351e-16 2.144195562668887e-16 5.949556072283615e-16
1.417474162926805e-04 3.081575685313008e-19 2.804949509498061e-18 7.167226321104635e-18 1.231866938685783e-17 1.780281180056326e-17 2.322578682583029e-17 2.900367906607385e-17 3.550258359661848e-17 4.230069202949477e-17 4.904985922189612e-17 7.534806435427295e-17 8.170132713162642e-17 9.755840582720035e-17 1.081458514046786e-16 1.127431063715408e-16 1.172496187482786e-16 1.187938330210201e-16 1.174512116961351e-16 2.144195562668887e-16 5.949556072283615e-16
1.592282793341092e-04 3.081575685313008e-19 2.804949509498061e-18 7.167226321104635e-18 1.231866938685783e-17 1.780281180056326e-17 2.322578682583029e-17 2.900367906607385e-17 3.550258359661848e-17 4.230069202949477e-17 4.904985922189612e-17 7.534806435427295e-17 8.170132713162642e-17 9.755840582720035e-17 1.081458514046786e-16 1.127431063715408e-16 1.172496187482786e-16 1.187938330210201e-16 1.174512116961351e-16 2.144195562668887e-16 5.949556072283615e-16
1.788649529057435e-04 3.081575685313008e-19 2.804949509498061e-18 7.167226321104635e-18 1.231866938685783e-17 1.780281180056326e-17 2.322578682583029e-17 2.900367906607385e-17 3.550258359661848e-17 4.230069202949477e-17 4.904985922189612e-17 7.534806435427295e-17 8.170132713162642e-17 9.755840582720035e-17 1.081458514046786e-16 1.127431063715408e-16 1.172496187482786e-16 1.187938330210201e-16 1.174512116961351e-16 2.144195562668887e-16 5.949531722130651e-16
2.009233002565048e-04 3.081575685313008e-19 2.804949509498061e-18 7.167226321104635e-18 1.231866938685783e-17 1.780281180056326e-17 2.322578682583029e-17 2.900367906607385e-17 3.550258359661848e-17 4.230069202949477e-17 4.904985922189612e-17 7.534806435427295e-17 8.170132713162642e-17 9.755840582720035e-17 1.081458514046786e-16 1.127431063715408e-16 1.172496187482786e-16 1.187938330210201e-16 1.174512116961351e-16 2.144195562668887e-16 5.948777589436425e-16
2.257019719633919e-04 3.081575685313008e-19 2.804949509498061e-18 7.167226321104635e-18 1.231866938685783e-17 1.780281180056326e-17 2.322578682583029e-17 2.900367906607385e-17 3.550258359661848e-17 4.230069202949477e-17 4.904985922189612e-17 7.534806435427295e-17 8.170132713162642e-17 9.755840582720035e-17 1.081458514046786e-16 1.127431063715408e-16 1.172496187482786e-16 1.187938330210201e-16 1.174512116961351e-16 2.144195562668887e-16 5.945992657951097e-16
2.535364493970111e-04 3.081575685313008e-19 2.804949509498061e-18 7.167226321104635e-18 1.231866938685783e-17 1.780281180056326e-17 2.322578682583029e-17 2.900367906607385e-17 3.550258359661848e-17 4.230069202949477e-17 4.904985922189612e-17 7.534806435427295e-17 8.170132713162642e-17 9.755840582720035e-17 1.081458514046786e-16 1.127431063715408e-16 1.172496187482786e-16 1.187938330210201e-16 1.174512116961351e-16 2.144195562668887e-16 5.939991902231793e-16
2.848035868435802e-04 3.081575685313008e-19 2.804949509498061e-18 7.167226321104635e-18 1.231866938685783e-17 1.780281180056326e-17 2.322578682583029e-17 2.900367906607385e-17 3.550258359661848e-17 4.230069202949477e-17 4.904985922189612e-17 7.534806435427295e-17 8.170132713162642e-17 9.755840582720035e-17 1.081458514046786e-16 1.127431063715408e-16 1.172496187482786e-16 1.187938330210201e-16 1.174512116961351e-16 2.144195562668887e-16 5.929670738308769e-16
3.199267137797384e-04 3.081575685313008e-19 2.804949509498061e-18 7.167226321104635e-18 1.231866938685783e-17 1.780281180056326e-17 2.322578682583029e-17 2.900367906607385e-17 3.550258359661848e-17 4.230069202949477e-17 4.904985922189612e-17 7.534806435427295e-17 8.170132713162642e-17 9.755840582720035e-17 1.081458514046786e-16 1.127431063715408e-16 1.172496187482786e-16 1.187938330210201e-16 1.174512116961351e-16 2.144195562668887e-16 5.913986348368224e-16
3.593813663804626e-04 3.081575685313008e-19 2.804949509498061e-18 7.167226321104635e-18 1.231866938685783e-17 1.780281180056326e-17 2.322578682583029e-17 2.900367906607385e-17 3.550258359661848e-17 4.230069202949477e-17 4.904985922189612e-17 7.534806435427295e-17 8.170132713162642e-17 9.755840582720035e-17 1.081458514046786e-16 1.127431063715408e-16 1.172496187482786e-16 1.187938330210201e-16 1.174512116961351e-16 2.144195562668887e-16 5.891953696102402e-16
4.037017258596554e-04 3.081575685313008e-19 2.804949509498061e-18 7.167226321104635e-18 1.231866938685783e-17 1.780281180056326e-17 2.322578682583029e-17 2.900367906607385e-17 3.550258359661848e-17 4.230069202949477e-17 4.904985922189612e-17 7.534806435427295e-17 8.170132713162642e-17 9.755840582720035e-17 1.081458514046786e-16 1.127431063715408e-16 1.172496187482786e-16 1.187938330210201e-16 1.174512116961351e-16 2.144195562668887e-16 5.862647858618965e-16
4.534878508128582e-04 3.081575685313008e-19 2.804949509498061e-18 7.167226321104635e-18 1.231866938685783e-17 1.780281180056326e-17 2.322578682583029e-17 2.900367906607385e-17 3.550258359661848e-17 4.230069202949477e-17 4.904985922189612e-17 7.534806435427295e-17 8.170132713162642e-17 9.755840582720035e-17 1.081458514046786e-16 1.127431063715408e-16 1.172496187482786e-16 1.187938330210201e-16 1.174512116961351e-16 2.144195562668887e-16 5.825209916464427e-16
5.094138014816380e-04 3.081575685313008e-19 2.804949509498061e-18 7.167226321104635e-18 1.231866938685783e-17 1.780281180056326e-17 2.322578682583029e-17 2.900367906607385e-17 3.550258359661848e-17 4.230069202949477e-17 4.904985922189612e-17 7.534806435427295e-17 8.170132713162642e-17 9.755840582720035e-17 1.081458514046786e-16 1.127431063715408e-16 1.172496187482786e-16 1.187938330210201e-16 1.174512116961351e-16 2.144195562668887e-16 5.778855094727453e-16
5.722367659350221e-04 3.081575685313008e-19 2.804949509498061e-18 7.167226321104635e-18 1.231866938685783e-17 1.780281180056326e-17 2.322578682583029e-17 2.900367906607385e-17 3.550258359661848e-17 4.230069202949477e-17 4.904985922189612e-17 7.534806435427295e-17 8.170132713162642e-17 9.755840582720035e-17 1.081458514046786e-16 1.127431063715408e-16 1.172496187482786e-16 1.187938330210201e-16 1.174512116961351e-16 2.144195378755285e-16 5.722882357850838e-16
6.428073117284319e-04 3.081575685313008e-19 2.804949509498061e-18 7.167226321104635e-18 1.231866938685783e-17 1.780281180056326e-17 2.322578682583029e-17 2.900367906607385e-17 3.550258359661848e-17 4.230069202949477e-17 4.904985922189612e-17 7.534806435427295e-17 8.170132713162642e-17 9.755840582720035e-17 1.081458514046786e-16 1.127431063715408e-16 1.172496187482786e-16 1.187938330210201e-16 1.174512116961351e-16 2.143973916151819e-16 5.656684865884058e-16
7.220809018385464e-04 3.081575685313008e-19 2.804949509498061e-18 7.167226321104635e-18 1.231866938685783e-17 1.780281180056326e-17 2.322578682583029e-17 2.900367906607385e-17 3.550258359661848e-17 4.230069202949477e-17 4.904985922189612e-17 7.534806435427295e-17 8.170132713162642e-17 9.755840582720035e-17 1.081458514046786e-16 1.127431063715408e-16 1.172496187482786e-16 1.187938330210201e-16 1.174512116961351e-16 2.142815415544030e-16 5.579760786415014e-16
8.111308307896872e-04 3.081575685313008e-19 2.804949509498061e-18 7.167226321104635e-18 1.231866938685783e-17 1.780281180056326e-17 2.322578682583029e-17 2.900367906607385e-17 3.550258359661848e-17 4.230069202949477e-17 4.904985922189612e-17 7.534806435427295e-17 8.170132713162642e-17 9.755840582720035e-17 1.081458514046786e-16 1.127431063715408e-16 1.172496187482786e-16 1.187938330210201e-16 1.174512116961351e-16 2.140084350209592e-16 5.491723992555576e-16
9.111627561154887e-04 3.081575685313008e-19 2.804949509498061e-18 7.167226321104635e-18 1.231866938685783e-17 1.780281180056326e-17 2.322578682583029e-17 2.900367906607385e-17 3.550258359661848e-17 4.230069202949477e-17 4.904985922189612e-17 7.534806435427295e-17 8.170132713162642e-17 9.755840582720035e-17 1.081458514046786e-16 1.127431063715408e-16 1.172496187482786e-16 1.187938330210201e-16 1.174512116961351e-16 2.135225957158447e-16 5.392314192800436e-16
1.023531021899027e-03 3.081575685313008e-19 2.804949509498061e-18 7.167226321104635e-18 1.231866938685783e-17 1.780281180056326e-17 2.322578682583029e-17 2.900367906607385e-17 3.550258359661848e-17 4.230069202949477e-17 4.904985922189612e-17 7.534806435427295e-17 8.170132713162642e-17 9.755840582720035e-17 1.081458514046786e-16 1.127431063715408e-16 1.172496187482786e-16 1.187938330210201e-16 1.174512116961351e-16 2.127738050166710e-16 5.281406048235537e-16
1.149756995397736e-03 3.081575685313008e-19 2.804949509498061e-18 7.167226321104635e-18 1.231866938685783e-17 1.780281180056326e-17 2.322578682583029e-17 2.900367906607385e-17 3.550258359661848e-17 4.230069202949477e-17 4.904985922189612e-17 7.534806435427295e-17 8.170132713162642e-17 9.755840582720035e-17 1.081458514046786e-16 1.127431063715408e-16 1.172496187482786e-16 1.187938330210201e-16 1.174512116961351e-16 2.117163145728204e-16 5.159016844904458e-16
1.291549665014884e-03 3.081575685313008e-19 2.804949509498061e-18 7.167226321104635e-18 1.231866938685783e-17 1.780281180056326e-17 2.322578682583029e-17 2.900367906607385e-17 3.550258359661848e-17 4.230069202949477e-17 4.904985922189612e-17 7.534806435427295e-17 8.170132713162642e-17 9.755840582720035e-17 1.081458514046786e-16 1.127431063715408e-16 1.172496187482786e-16 1.187938330210201e-16 1.174512116961351e-16 2.103087197643072e-16 5.025312309404611e-16
1.450828778495940e-03 3.081575685313008e-19 2.804949509498061e-18 7.167226321104635e-18 1.231866938685783e-17 1.780281180056326e-17 2.322578682583029e-17 2.900367906607385e-17 3.550258359661848e-17 4.230069202949477e-17 4.904985922189612e-17 7.534806435427295e-17 8.170132713162642e-17 9.755840582720035e-17 1.081458514046786e-16 1.127431063715408e-16 1.172496187482786e-16 1.187938330210201e-16 1.174512116961351e-16 2.085141442438642e-16 4.880610187370438e-16
1.629750834620644e-03 3.081575685313008e-19 2.804949509498061e-18 7.167226321104635e-18 1.231866938685783e-17 1.780281180056326e-17 2.322578682583029e-17 2.900367906607385e-17 3.550258359661848e-17 4.230069202949477e-17 4.904985922189612e-17 7.534806435427295e-17 8.170132713162642e-17 9.755840582720035e-17 1.081458514046786e-16 1.127431063715408e-16 1.172496187482786e-16 1.187938330210201e-16 1.174512116961351e-16 2.063005912227347e-16 4.725381249482032e-16
1.830738280295368e-03 3.081575685313008e-19 2.804949509498061e-18 7.167226321104635e-18 1.231866938685783e-17 1.780281180056326e-17 2.322578682583029e-17 2.900367906607385e-17 3.550258359661848e-17 4.230069202949477e-17 4.904985922189612e-17 7.534806435427295e-17 8.170132713162642e-17 9.755840582720035e-17 1.081458514046786e-16 1.127431063715408e-16 1.172496187482786e-16 1.187938330210201e-16 1.174410888304978e-16 2.036413830667850e-16 4.560247449001457e-16
2.056512308348652e-03 3.081575685313008e-19 2.804949509498061e-18 7.167226321104635e-18 1.231866938685783e-17 1.780281180056326e-17 2.322578682583029e-17 2.900367906607385e-17 3.550258359661848e-17 4.230069202949477e-17 4.904985922189612e-17 7.534806435427295e-17 8.170132713162642e-17 9.755840582720035e-17 1.081458514046786e-16 1.127431063715408e-16 1.172496187482786e-16 1.187751917228952e-16 1.173373311441555e-16 2.005156368871894e-16 4.385977028550072e-16
2.310129700083158e-03 3.081575685313008e-19 2.804949509498061e-18 7.167226321104635e-18 1.231866938685783e-17 1.780281180056326e-17 2.322578682583029e-17 2.900367906607385e-17 3.550258359661848e-17 4.230069202949477e-17 4.904985922189612e-17 7.534806435427295e-17 8.170132713162642e-17 9.755840582720035e-17 1.081458514046786e-16 1.127431063715408e-16 1.172306620327703e-16 1.186305552003686e-16 1.170696569037789e-16 1.969087356701309e-16 4.203476460874759e-16
2.595024211399737e-03 3.081575685313008e-19 2.804949509498061e-18 7.167226321104635e-18 1.231866938685783e-17 1.780281180056326e-17 2.322578682583029e-17 2.900367906607385e-17 3.550258359661848e-17 4.230069202949477e-17 4.904985922189612e-17 7.534806435427295e-17 8.170132713162642e-17 9.755840582720035e-17 1.081458514046786e-16 1.127323912348656e-16 1.170798092813428e-16 1.182861997492167e-16 1.165933164925028e-16 1.928127606466527e-16 4.013779206706684e-16
2.915053062825176e-03 3.081575685313008e-19 2.804949509498061e-18 7.167226321104635e-18 1.231866938685783e-17 1.780281180056326e-17 2.322578682583029e-17 2.900367906607385e-17 3.550258359661848e-17 4.230069202949477e-17 4.904985922189612e-17 7.534806435427295e-17 8.170132713162642e-17 9.755840582720035e-17 1.081433906172572e-16 1.126067756722584e-16 1.167189790923697e-16 1.176965654911297e-16 1.158738071965046e-16 1.882268544890374e-16 3.818031379572510e-16
3.274549162877729e-03 3.081575685313008e-19 2.804949509498061e-18 7.167226321104635e-18 1.231866938685783e-17 1.780281180056326e-17 2.322578682583029e-17 2.900367906607385e-17 3.550258359661848e-17 4.230069202949477e-17 4.904985922189612e-17 7.534806435427295e-17 8.170132713162642e-17 9.755840582720035e-17 1.080735995305159e-16 1.122764519444598e-16 1.161010812964050e-16 1.168276312618616e-16 1.148838247398380e-16 1.831574881076668e-16 3.617474518813195e-16
3.678379771828634e-03 3.081575685313008e-19 2.804949509498061e-18 7.167226321104635e-18 1.231866938685783e-17 1.780281180056326e-17 2.322578682583029e-17 2.900367906607385e-17 3.550258359661848e-17 4.230069202949477e-17 4.904985922189612e-17 7.534806435427295e-17 8.170132713162642e-17 9.754264116340201e-17 1.078229392089152e-16 1.116908166503742e-16 1.151913770292993e-16 1.156536232179746e-16 1.136021887410464e-16 1.776186071040811e-16 3.413425783652145e-16
4.132012400115334e-03 3.081575685313008e-19 2.804949509498061e-18 7.167226321104635e-18 1.231866938685783e-17 1.780281180056326e-17 2.322578682583029e-17 2.900367906607385e-17 3.550258359661848e-17 4.230069202949477e-17 4.904985922189612e-17 7.534806435427295e-17 8.170132713162642e-17 9.740673599493821e-17 1.073308822586374e-16 1.108130703665340e-16 1.139639486340920e-16 1.141558192683170e-16 1.120134382018703e-16 1.716316377239422e-16 3.207255987988831e-16
4.641588833612782e-03 3.081575685313008e-19 2.804949509498061e-18 7.167226321104635e-18 1.231866938685783e-17 1.780281180056326e-17 2.322578682583029e-17 2.900367906607385e-17 3.550258359661848e-17 4.230069202949477e-17 4.904985922189612e-17 7.534806435427295e-17 8.168338346007202e-17 9.705944905929944e-17 1.065544335667759e-16 1.096159179283203e-16 1.124004287765585e-16 1.123220596844064e-16 1.101076974168763e-16 1.652253366442867e-16 3.000365992488487e-16
5.214008287999685e-03 3.081575685313008e-19 2.804949509498061e-18 7.167226321104635e-18 1.231866938685783e-17 1.780281180056326e-17 2.322578682583029e-17 2.900367906607385e-17 3.550258359661848e-17 4.230069202949477e-17 4.904985922189612e-17 7.534806435427295e-17 8.156343649983979e-17 9.644856009178153e-17 1.054614273956933e-16 1.080800966866387e-16 1.104894769437877e-16 1.101465305599808e-16 1.078806428932619e-16 1.584354741756604e-16 2.794162052350524e-16
5.857020818056668e-03 3.081575685313008e-19 2.804949509498061e-18 7.167226321104635e-18 1.231866938685783e-17 1.780281180056326e-17 2.322578682583029e-17 2.900367906607385e-17 3.550258359661848e-17 4.230069202949477e-17 4.904985922189612e-17 7.532871694901896e-17 8.125504809493814e-17 9.553599156981331e-17 1.040285356215662e-16 1.061937869635128e-16 1.082265370980470e-16 1.076296367689511e-16 1.053334839878437e-16 1.513043464050897e-16 2.590030781085131e-16
6.579332246575682e-03 3.081575685313008e-19 2.804949509498061e-18 7.167226321104635e-18 1.231866938685783e-17 1.780281180056326e-17 2.322578682583029e-17 2.900367906607385e-17 3.550258359661848e-17 4.230069202949477e-17 4.904985922189612e-17 7.528279810879195e-17 8.070825281772431e-17 9.429397461342793e-17 1.022405386068693e-16 1.039523455130146e-16 1.056136806290450e-16 1.047778716363807e-16 1.024729062596023e-16 1.438801183045366e-16 2.389314428610301e-16
7.390722033525776e-03 3.081575685313008e-19 2.804949509498061e-18 7.167226321104635e-18 1.231866938685783e-17 1.780281180056326e-17 2.322578682583029e-17 2.900367906607385e-17 3.550258359661848e-17 4.230069202949477e-17 4.904985922189612e-17 7.507463404313886e-17 7.988584801172272e-17 9.270379668701416e-17 1.000900416764342e-16 1.013581349648579e-16 1.026594363302732e-16 1.016036312195912e-16 9.931094572980958e-17 1.362160066610445e-16 2.193287182889363e-16
8.302175681319744e-03 3.081575685313008e-19 2.804949509498061e-18 7.167226321104635e-18 1.231866938685783e-17 1.780281180056326e-17 2.322578682583029e-17 2.900367906607385e-17 3.550258359661848e-17 4.230069202949477e-17 4.904985922189612e-17 7.464054087458376e-17 7.876035875352375e-17 9.075534919848795e-17 9.757732994379137e-17 9.842033766782309e-17 9.937855303862970e-17 9.812494300514867e-17 9.586477427740420e-17 1.283693185693081e-16 2.003133186308039e-16
9.326033468832200e-03 3.081575685313008e-19 2.804949509498061e-18 7.167226321104635e-18 1.231866938685783e-17 1.780281180056326e-17 2.322578682583029e-17 2.900367906607385e-17 3.550258359661848e-17 4.230069202949477e-17 4.898295415614739e-17 7.393642548480316e-17 7.731314289929133e-17 8.844693455235637e-17 9.471021574914185e-17 9.515469314603730e-17 9.579166438859293e-17 9.436509274865446e-17 9.215638519072999e-17 1.204003678427929e-16 1.819926910644889e-16
1.047615752789665e-02 3.081575685313008e-19 2.804949509498061e-18 7.167226321104635e-18 1.231866938685783e-17 1.780281180056326e-17 2.322578682583029e-17 2.900367906607385e-17 3.542553289240724e-17 4.221747850004747e-17 4.892011610709822e-17 7.293032905033353e-17 7.553415684557119e-17 8.578510395916297e-17 9.150380005620851e-17 9.158312559366646e-17 9.192484039896640e-17 9.035214334404206e-17 8.821217509997853e-17 1.123712977017650e-16 1.644616459001458e-16
1.176811952434998e-02 3.081575685313008e-19 2.804949509498061e-18 7.167226321104635e-18 1.231866938685783e-17 1.780281180056326e-17 2.322578682583029e-17 2.891998646943456e-17 3.539073580416402e-17 4.210157854339924e-17 4.868789151815643e-17 7.160055541988868e-17 7.342190932745097e-17 8.278441029754267e-17 8.798010380727074e-17 8.773324520636090e-17 8.780902181832876e-17 8.611834776522715e-17 8.406242481916298e-17 1.043448431424904e-16 1.478010262207675e-16
1.321941148466029e-02 3.081575685313008e-19 2.804949509498061e-18 7.167226321104635e-18 1.231866938685783e-17 1.770992276114047e-17 2.313049512842557e-17 2.886352291663266e-17 3.523613922316521e-17 4.181045988759414e-17 4.823017264616278e-17 6.993511823415980e-17 7.098339266398615e-17 7.946701325394611e-17 8.416754699308902e-17 8.363771989979732e-17 8.347934214346865e-17 8.169946499350730e-17 7.974068727676006e-17 9.638307016352436e-17 1.320767515289055e-16
1.484968262254465e-02 3.081575685313008e-19 2.804949509498061e-18 7.167226321104635e-18 1.222642341729925e-17 1.769625949500149e-17 2.305931841333934e-17 2.869279182949579e-17 3.491318853426559e-17 4.130056767501580e-17 4.750853562128189e-17 6.793157324772588e-17 6.823387964592510e-17 7.586210496972574e-17 8.010026917255535e-17 7.933352418797415e-17 7.897434972342345e-17 7.713399367407218e-17 7.528309573442054e-17 8.854613125432111e-17 1.173392562165991e-16
1.668100537200059e-02 3.081575685313008e-19 2.804949509498061e-18 7.084693943394502e-18 1.221331757798431e-17 1.761940557912197e-17 2.288219041452802e-17 2.836938702987105e-17 3.438701753246257e-17 4.054144985086625e-17 4.649765014863616e-17 6.559688462892007e-17 6.519652355531826e-17 7.200514624934830e-17 7.581729812359977e-17 7.486108048968268e-17 7.433514860233614e-17 7.246234305824530e-17 7.072760979961734e-17 8.089107704275344e-17 1.036233290448613e-16
1.873817422860383e-02 3.081575685313008e-19 2.749556395460637e-18 7.077574421282127e-18 1.215149801766776e-17 1.744794431823971e-17 2.256835997378734e-17 2.786446099758441e-17 3.363336220115656e-17 3.951411194091989e-17 4.518428300922449e-17 6.294715699727902e-17 6.190173032828866e-17 6.793692068180476e-17 7.136158422228503e-17 7.026331513520155e-17 6.960448174328034e-17 6.772596451244839e-17 6.611322020189473e-17 7.347076264765119e-17 9.094834502091614e-17
2.104904144512020e-02 3.081575685313008e-19 2.749398002213575e-18 7.040332867436786e-18 1.201759313705818e-17 1.715735868895388e-17 2.209462247430366e-17 2.715801280847585e-17 3.263820967377659e-17 3.821080796678094e-17 4.356709450667870e-17 6.000714519621921e-17 5.838629611761060e-17 6.370242844015968e-17 6.677892727365243e-17 6.558465684003814e-17 6.482578392810888e-17 6.296646941134495e-17 6.147913578916294e-17 6.633288409141356e-17 7.931886683516422e-17
2.364489412645407e-02 2.956772268593332e-19 2.738745697037115e-18 6.957680502957787e-18 1.179266500659679e-17 1.672951131052115e-17 2.144550627017276e-17 2.623926294311436e-17 3.139801898944704e-17 3.663507700637613e-17 4.165646913208548e-17 5.680950033715005e-17 5.469232406198642e-17 5.934965345290798e-17 6.211682976960371e-17 6.087000928875275e-17 6.004223384569743e-17 5.822476049695037e-17 5.686397759760636e-17 5.951917520914753e-17 6.872558007564443e-17
2.656087782946687e-02 2.953980278240581e-19 2.710591813403809e-18 6.816823058788017e-18 1.146254680831822e-17 1.615322227027202e-17 2.061393332698687e-17 2.510718252188977e-17 2.991988840916564e-17 3.480158626790631e-17 3.947406476577184e-17 5.339374413861880e-17 5.086595186971867e-17 5.492824697169400e-17 5.742331572337772e-17 5.616373161404448e-17 5.529583559253247e-17 5.354020373455443e-17 5.230500508433195e-17 5.306478906753261e-17 5.914651541052109e-17
2.983647240283340e-02 2.933356141656915e-19 2.658597060228608e-18 6.608028265539837e-18 1.101868163892639e-17 1.542502237045390e-17 1.960182005711215e-17 2.377078939719014e-17 2.822138057601381e-17 3.273557116804839e-17 3.705193312626214e-17 4.980499074883411e-17 4.695593673369916e-17 5.048817700691881e-17 5.274575712670614e-17 5.150866089489098e-17 5.062655900198114e-17 4.894986634371820e-17 4.783739866764734e-17 4.699788030116223e-17 5.054850233725082e-17
3.351602650938841e-02 2.884679612524054e-19 2.577542887823075e-18 6.325432564961216e-18 1.045897998719835e-17 1.454970717566967e-17 1.842033452520117e-17 2.224899194247444e-17 2.632985497012921e-17 3.047177710137227e-17 3.443115977075541e-17 4.609245797341868e-17 4.301215555377451e-17 4.607839639242233e-17 4.812975056825264e-17 4.694520933962990e-17 4.607156594970869e-17 4.448784410635915e-17 4.349362063815079e-17 4.133939638965009e-17 4.288879330887136e-17
3.764935806792467e-02 2.798616055022499e-19 2.463885716999902e-18 5.967816178332927e-18 9.788419257698788e-18 1.354045883052804e-17 1.708963173262328e-17 2.056985742471048e-17 2.428124737190343e-17 2.805288831574322e-17 3.166004251413669e-17 4.230782817028279e-17 3.908408582652067e-17 4.174558222084404e-17 4.361808463121999e-17 4.251056566432138e-17 4.166454618689779e-17 4.018469739671104e-17 3.930287338900650e-17 3.610307719322821e-17 3.611679425892123e-17
4.229242874389499e-02 2.667989747650334e-19 2.316312372704216e-18 5.539142071807052e-18 9.019179592276926e-18 1.241838663186228e-17 1.563797064143393e-17 1.876926427913875e-17 2.211831241449821e-17 2.552749654355771e-17 2.879188465772326e-17 3.850353239663230e-17 3.521933538941426e-17 3.753299609430510e-17 3.924983448354626e-17 3.823802551707030e-17 3.743518153722278e-17 3.606701084099914e-17 3.529066992799721e-17 3.129565351909737e-17 3.017583776949776e-17
4.750810162102798e-02 2.489176177865597e-19 2.136180548961620e-18 5.048686120481096e-18 8.170175758880299e-18 1.121142063866730e-17 1.410019991098742e-17 1.688897816786655e-17 1.988841387794831e-17 2.294771872810926e-17 2.588252519475682e-17 3.473103898962655e-17 3.146228726956747e-17 3.347950830427914e-17 3.505961385728180e-17 3.415646991556561e-17 3.340875172660328e-17 3.215708634619036e-17 3.147852698768865e-17 2.691722757545034e-17 2.500493819496708e-17
5.336699231206307e-02 2.263350146350154e-19 1.927722606978310e-18 4.510635572354461e-18 7.265928734876315e-18 9.952584144138453e-18 1.251568509157616e-17 1.497426800313496e-17 1.764100544408897e-17 2.036661685197519e-17 2.298776016518399e-17 3.103922915562604e-17 2.785291932834665e-17 2.961882014332280e-17 3.107700678486274e-17 3.029000390790314e-17 2.960588900950082e-17 2.847277371573927e-17 2.788378598811921e-17 2.296181130929663e-17 2.054047363689584e-17
5.994842503189409e-02 1.997228326211919e-19 1.697910114577934e-18 3.943110561910786e-18 6.334821652067407e-18 8.677764339804449e-18 1.092583049192639e-17 1.307124258208980e-17 1.542498682614091e-17 1.783559981746538e-17 2.016082513855253e-17 2.747293727270708e-17 2.442584772384927e-17 2.597890769548721e-17 2.732619252101095e-17 2.665776043081480e-17 2.604248244683356e-17 2.502743748499938e-17 2.451956189008133e-17 1.941799316521623e-17 1.671774729912262e-17
6.734150657750822e-02 1.702947090508489e-19 1.455926047690204e-18 3.366662909099420e-18 5.406890122257069e-18 7.423183159911060e-18 9.371413022844728e-18 1.122413240987134e-17 1.328614139428787e-17 1.540199466508021e-17 1.745010700203102e-17 2.407172291706467e-17 2.120962928701488e-17 2.258169842089393e-17 2.382576759522972e-17 2.327386703496936e-17 2.272972651009778e-17 2.183005323758176e-17 2.139481486357083e-17 1.626969998952213e-17 1.347238987397368e-17
7.564633275546291e-02 1.396856242552496e-19 1.212267586840168e-18 2.802410839189845e-18 4.511387511108690e-18 6.222827591686188e-18 7.889982214413711e-18 9.472757571229087e-18 1.126485855094273e-17 1.310696122612203e-17 1.489723415935185e-17 2.086892604794215e-17 1.822634184902247e-17 1.944297948145860e-17 2.058875949435782e-17 2.014756616697351e-17 1.967430293597706e-17 1.888542175019788e-17 1.851453491700185e-17 1.349701876300177e-17 1.074157460757917e-17
8.497534359086438e-02 1.097284759756494e-19 9.775900141917001e-19 2.270054101157893e-18 3.674421437454869e-18 5.106118618087249e-18 6.513582772684427e-18 7.850407638407471e-18 9.394317155058216e-18 1.098389216938010e-17 1.253566022932456e-17 1.789103770015438e-17 1.549144465918892e-17 1.657252488413793e-17 1.762281761991444e-17 1.728347338556786e-17 1.687867968262303e-17 1.619448504608785e-17 1.588002537326143e-17 1.107704257499805e-17 8.465026946064665e-18
9.545484566618337e-02 8.216768459543502e-20 7.614776358520373e-19 1.786057708688342e-18 2.916963456880885e-18 4.096074367773748e-18 5.267021435693307e-18 6.382314855000065e-18 7.699258667181037e-18 9.057393382223361e-18 1.038981149933418e-17 1.515739761025930e-17 1.301390462716502e-17 1.397441790514682e-17 1.493055937725957e-17 1.468195251061335e-17 1.434150661319901e-17 1.375472493167063e-17 1.348926745832387e-17 8.984706633093531e-18 6.585820601740359e-18
1.072267222010323e-01 5.837754608010522e-20 5.713652265250520e-19 1.362278247083173e-18 2.253484256139815e-18 3.208158161640393e-18 4.166832982550559e-18 5.084833446918325e-18 6.195416861692042e-18 7.342883763058196e-18 8.474818155390760e-18 1.268020924378808e-17 1.079655945688283e-17 1.164753652491916e-17 1.251004289539267e-17 1.233958242349835e-17 1.205808423249113e-17 1.156062187824239e-17 1.133734532852768e-17 7.193582919929391e-18 5.050961017709867e-18
1.204503540258782e-01 3.916044824897560e-20 4.118153204453467e-19 1.005232513091809e-18 1.691369094034303e-18 2.449906645631097e-18 3.221011585890641e-18 3.965356153403028e-18 4.889603476372995e-18 5.846795922196575e-18 6.796799621791917e-18 1.046484344283762e-17 8.836676855305329e-18 9.586163187279374e-18 1.035533317288584e-17 1.024968711279734e-17 1.002087941000601e-17 9.604150134089541e-18 9.416908564270753e-18 5.676606085527870e-18 3.811765204337274e-18
1.353047774579806e-01 2.467946407583688e-20 2.842815637685576e-19 7.160889391129260e-19 1.231141909556413e-18 1.821324325692497e-18 2.429477968585178e-18 3.022916418794760e-18 3.780385241669163e-18 4.567307112233980e-18 5.353630829863425e-18 8.510385892788620e-18 7.126660649755149e-18 7.780676332199975e-18 8.457125482841477e-18 8.402898544096080e-18 8.220060435049028e-18 7.875283583349502e-18 7.718647394849147e-18 4.406708018103965e-18 2.824053599182658e-18
1.519911082952933e-01 1.453655984972515e-20 1.873752400658594e-19 4.913262058745415e-19 8.673981825975431e-19 1.315928623085727e-18 1.785165903381702e-18 2.249353477200658e-18 2.859235656409915e-18 3.495488964395260e-18 4.136083425955635e-18 6.810371965676517e-18 5.654850252744275e-18 6.218279883660304e-18 6.803388620414469e-18 6.787720915613352e-18 6.644022817241643e-18 6.362485946357747e-18 6.231754562884057e-18 3.357344053570730e-18 2.048174993888360e-18
1.707352647470690e-01 7.959436859577544e-21 1.175350643219270e-19 3.238846344581102e-19 5.902435234410827e-19 9.222523185649960e-19 1.275547242818641e-18 1.630867681168890e-18 2.112010705483289e-18 2.616739358366158e-18 3.129216671345550e-18 5.353645944136673e-18 4.406359564127226e-18 4.883728105493000e-18 5.379990963692696e-18 5.391064736275158e-18 5.279876856371634e-18 5.053158336247741e-18 4.944346727448403e-18 2.502899902398691e-18 1.448889921982377e-18
1.917910261672489e-01 0.000000000000000e+00 6.991622112145458e-20 2.045633186098910e-19 3.869775703352829e-19 6.255702915456045e-19 8.843817620333192e-19 1.149770551775744e-18 1.520584363746436e-18 1.912351606386741e-18 2.313887961093324e-18 4.125280420329245e-18 3.363904916930224e-18 3.760006820363670e-18 4.171274328178203e-18 4.198719961167759e-18 4.113868222780975e-18 3.934017047908721e-18 3.843817814128782e-18 1.818975273538181e-18 9.951416410562479e-19
2.154434690031884e-01 0.000000000000000e+00 3.928827131796780e-20 1.234043271150029e-19 2.437595164834691e-19 4.096186434053191e-19 5.934790599173636e-19 7.862388419940243e-19 1.064486727152331e-18 1.361084190314245e-18 1.668261451481142e-18 3.107495663538585e-18 2.508578701323291e-18 2.828937845786521e-18 3.160544438234922e-18 3.195739507231343e-18 3.131704079943048e-18 2.991375302302266e-18 2.917097405846158e-18 1.282548336697455e-18 6.597474751241145e-19
2.420128264794381e-01 0.000000000000000e+00 0.000000000000000e+00 0.000000000000000e+00 1.470372716688418e-19 2.581117265336440e-19 3.842905596284657e-19 5.199103883425513e-19 7.224114915828643e-19 9.406155305095264e-19 1.169212606135150e-18 2.280527540950866e-18 1.820535427063561e-18 2.071681777028098e-18 2.330453155052071e-18 2.366708816209432e-18 2.318760816828705e-18 2.211305816319544e-18 2.150790616303353e-18 8.720352980275427e-19 4.190471217008066e-19
2.718588242732940e-01 0.000000000000000e+00 0.000000000000000e+00 0.000000000000000e+00 0.000000000000000e+00 1.559245920193679e-19 2.392012582897838e-19 3.312042056101201e-19 4.734947123052833e-19 6.287982346893203e-19 7.935528736634147e-19 1.623405575755120e-18 1.279569818885746e-18 1.469125399521232e-18 1.663257635419870e-18 1.695885566517539e-18 1.660157433993916e-18 1.579668938075609e-18 1.531184547719610e-18 5.672720878667340e-19 2.525482060172897e-19
3.053855508833416e-01 0.000000000000000e+00 0.000000000000000e+00 0.000000000000000e+00 0.000000000000000e+00 0.000000000000000e+00 0.000000000000000e+00 2.022990582547828e-19 2.983068736302742e-19 4.046609349580820e-19 5.190280967617491e-19 1.114619236705054e-18 8.655816935639904e-19 1.002154775005060e-18 1.140957194261544e-18 1.167208940690843e-18 1.140694367929664e-18 1.082007310668473e-18 1.044124263509943e-18 3.494601984059698e-19 1.426111164023146e-19
3.430469286314919e-01 0.000000000000000e+00 0.000000000000000e+00 0.000000000000000e+00 0.000000000000000e+00 0.000000000000000e+00 0.000000000000000e+00 0.000000000000000e+00 0.000000000000000e+00 2.491383711663344e-19 3.250726877816030e-19 7.326696367843756e-19 5.589392165060817e-19 6.518340264573124e-19 7.453317437838691e-19 7.642032274128142e-19 7.446849008383841e-19 7.033367622594907e-19 6.747924171439775e-19 2.011334817952864e-19 7.421113880912213e-20
3.853528593710527e-01 0.000000000000000e+00 0.000000000000000e+00 0.000000000000000e+00 0.000000000000000e+00 0.000000000000000e+00 0.000000000000000e+00 0.000000000000000e+00 0.000000000000000e+00 0.000000000000000e+00 0.000000000000000e+00 4.565238945117621e-19 3.407692591605881e-19 3.995325357637287e-19 4.579368290095379e-19 4.698377778627175e-19 4.557475691711421e-19 4.279066921600926e-19 4.074731262781358e-19 1.062105547291476e-19 3.480039478356210e-20
4.328761281083057e-01 0.000000000000000e+00 0.000000000000000e+00 0.000000000000000e+00 0.000000000000000e+00 0.000000000000000e+00 0.000000000000000e+00 0.000000000000000e+00 0.000000000000000e+00 0.000000000000000e+00 0.000000000000000e+00 2.660075366813311e-19 1.932178922203681e-19 2.270662679708932e-19 2.601457526785143e-19 2.664510521991829e-19 2.566793820809875e-19 2.390571707565411e-19 2.254364077150241e-19 5.018674111258144e-20 1.426001945645581e-20
4.862601580065353e-01 0.000000000000000e+00 0.000000000000000e+00 0.000000000000000e+00 0.000000000000000e+00 0.000000000000000e+00 0.000000000000000e+00 0.000000000000000e+00 0.000000000000000e+00 0.000000000000000e+00 0.000000000000000e+00 0.000000000000000e+00 9.972998447972554e-20 1.169338083765714e-19 1.333571614179468e-19 1.358864933803674e-19 1.295747233625433e-19 1.193458290971187e-19 1.111231565289389e-19 2.047664496378953e-20 4.886323920072518e-21
5.462277217684343e-01 0.000000000000000e+00 0.000000000000000e+00 0.000000000000000e+00 0.000000000000000e+00 0.000000000000000e+00 0.000000000000000e+00 0.000000000000000e+00 0.000000000000000e+00 0.000000000000000e+00 0.000000000000000e+00 0.000000000000000e+00 4.538658978771692e-20 5.272001097659525e-20 5.948398012804402e-20 5.999274062639006e-20 5.635905678604846e-20 5.111750087852972e-20 4.680079056051343e-20 6.838439039843652e-21 1.310781753830008e-21
6.135907273413169e-01 0.000000000000000e+00 0.000000000000000e+00 0.000000000000000e+00 0.000000000000000e+00 0.000000000000000e+00 0.000000000000000e+00 0.000000000000000e+00 0.000000000000000e+00 0.000000000000000e+00 0.000000000000000e+00 0.000000000000000e+00 0.000000000000000e+00 0.000000000000000e+00 2.177719343994034e-20 2.156941342015453e-20 1.982255182540931e-20 1.759287429784423e-20 1.574424039344376e-20 1.715140057313116e-21 2.475299154692259e-22
6.892612104349695e-01 0.000000000000000e+00 0.000000000000000e+00 0.000000000000000e+00 0.000000000000000e+00 0.000000000000000e+00 0.000000000000000e+00 0.000000000000000e+00 0.000000000000000e+00 0.000000000000000e+00 0.000000000000000e+00 0.000000000000000e+00 0.000000000000000e+00 0.000000000000000e+00 0.000000000000000e+00 0.000000000000000e+00 5.034115854500647e-21 4.328216396184991e-21 3.751209835295303e-21 2.769483439958581e-22 2.720628166222288e-23
7.742636826811270e-01 0.000000000000000e+00 0.000000000000000e+00 0.000000000000000e+00 0.000000000000000e+00 0.000000000000000e+00 0.000000000000000e+00 0.000000000000000e+00 0.000000000000000e+00 0.000000000000000e+00 0.000000000000000e+00 0.000000000000000e+00 0.000000000000000e+00 0.000000000000000e+00 0.000000000000000e+00 0.000000000000000e+00 0.000000000000000e+00 0.000000000000000e+00 0.000000000000000e+00 2.079295085096104e-23 1.163962464848139e-24
8.697490026177834e-01 0.000000000000000e+00 0.000000000000000e+00 0.000000000000000e+00 0.000000000000000e+00 0.000000000000000e+00 0.000000000000000e+00 0.000000000000000e+00 0.000000000000000e+00 0.000000000000000e+00 0.000000000000000e+00 0.000000000000000e+00 0.000000000000000e+00 0.000000000000000e+00 0.000000000000000e+00 0.000000000000000e+00 0.000000000000000e+00 0.000000000000000e+00 0.000000000000000e+00 2.857317934068016e-25 6.109935048019534e-27
9.770099572992247e-01 0.000000000000000e+00 0.000000000000000e+00 0.000000000000000e+00 0.000000000000000e+00 0.000000000000000e+00 0.000000000000000e+00 0.000000000000000e+00 0.000000000000000e+00 0.000000000000000e+00 0.000000000000000e+00 0.000000000000000e+00 0.000000000000000e+00 0.000000000000000e+00 0.000000000000000e+00 0.000000000000000e+00 0.000000000000000e+00 0.000000000000000e+00 0.000000000000000e+00 0.000000000000000e+00 0.000000000000000e+00
1.097498765493057e+00 0.000000000000000e+00 0.000000000000000e+00 0.000000000000000e+00 0.000000000000000e+00 0.000000000000000e+00 0.000000000000000e+00 0.000000000000000e+00 0.000000000000000e+00 0.000000000000000e+00 0.000000000000000e+00 0.000000000000000e+00 0.000000000000000e+00 0.000000000000000e+00 0.000000000000000e+00 0.000000000000000e+00 0.000000000000000e+00 0.000000000000000e+00 0.000000000000000e+00 0.000000000000000e+00 0.000000000000000e+00
1.232846739442066e+00 0.000000000000000e+00 0.000000000000000e+00 0.000000000000000e+00 0.000000000000000e+00 0.000000000000000e+00 0.000000000000000e+00 0.000000000000000e+00 0.000000000000000e+00 0.000000000000000e+00 0.000000000000000e+00 0.000000000000000e+00 0.000000000000000e+00 0.000000000000000e+00 0.000000000000000e+00 0.000000000000000e+00 0.000000000000000e+00 0.000000000000000e+00 0.000000000000000e+00 0.000000000000000e+00 0.000000000000000e+00
1.384886371393872e+00 0.000000000000000e+00 0.000000000000000e+00 0.000000000000000e+00 0.000000000000000e+00 0.000000000000000e+00 0.000000000000000e+00 0.000000000000000e+00 0.000000000000000e+00 0.000000000000000e+00 0.000000000000000e+00 0.000000000000000e+00 0.000000000000000e+00 0.000000000000000e+00 0.000000000000000e+00 0.000000000000000e+00 0.000000000000000e+00 0.000000000000000e+00 0.000000000000000e+00 0.000000000000000e+00 0.000000000000000e+00
1.555676143930472e+00 0.000000000000000e+00 0.000000000000000e+00 0.000000000000000e+00 0.000000000000000e+00 0.000000000000000e+00 0.000000000000000e+00 0.000000000000000e+00 0.000000000000000e+00 0.000000000000000e+00 0.000000000000000e+00 0.000000000000000e+00 0.000000000000000e+00 0.000000000000000e+00 0.000000000000000e+00 0.000000000000000e+00 0.000000000000000e+00 0.000000000000000e+00 0.000000000000000e+00 0.000000000000000e+00 0.000000000000000e+00
1.747528400007683e+00 0.000000000000000e+00 0.000000000000000e+00 0.000000000000000e+00 0.000000000000000e+00 0.000000000000000e+00 0.000000000000000e+00 0.000000000000000e+00 0.000000000000000e+00 0.000000000000000e+00 0.000000000000000e+00 0.000000000000000e+00 0.000000000000000e+00 0.000000000000000e+00 0.000000000000000e+00 0.000000000000000e+00 0.000000000000000e+00 0.000000000000000e+00 0.000000000000000e+00 0.000000000000000e+00 0.000000000000000e+00
1.963040650040272e+00 0.000000000000000e+00 0.000000000000000e+00 0.000000000000000e+00 0.000000000000000e+00 0.000000000000000e+00 0.000000000000000e+00 0.000000000000000e+00 0.000000000000000e+00 0.000000000000000e+00 0.000000000000000e+00 0.000000000000000e+00 0.000000000000000e+00 0.000000000000000e+00 0.000000000000000e+00 0.000000000000000e+00 0.000000000000000e+00 0.000000000000000e+00 0.000000000000000e+00 0.000000000000000e+00 0.000000000000000e+00
2.205130739903046e+00 0.000000000000000e+00 0.000000000000000e+00 0.000000000000000e+00 0.000000000000000e+00 0.000000000000000e+00 0.000000000000000e+00 0.000000000000000e+00 0.000000000000000e+00 0.000000000000000e+00 0.000000000000000e+00 0.000000000000000e+00 0.000000000000000e+00 0.000000000000000e+00 0.000000000000000e+00 0.000000000000000e+00 0.000000000000000e+00 0.000000000000000e+00 0.000000000000000e+00 0.000000000000000e+00 0.000000000000000e+00
2.477076355991709e+00 0.000000000000000e+00 0.000000000000000e+00 0.000000000000000e+00 0.000000000000000e+00 0.000000000000000e+00 0.000000000000000e+00 0.000000000000000e+00 0.000000000000000e+00 0.000000000000000e+00 0.000000000000000e+00 0.000000000000000e+00 0.000000000000000e+00 0.000000000000000e+00 0.000000000000000e+00 0.000000000000000e+00 0.000000000000000e+00 0.000000000000000e+00 0.000000000000000e+00 0.000000000000000e+00 0.000000000000000e+00
2.782559402207126e+00 0.000000000000000e+00 0.000000000000000e+00 0.000000000000000e+00 0.000000000000000e+00 0.000000000000000e+00 0.000000000000000e+00 0.000000000000000e+00 0.000000000000000e+00 0.000000000000000e+00 0.000000000000000e+00 0.000000000000000e+00 0.000000000000000e+00 0.000000000000000e+00 0.000000000000000e+00 0.000000000000000e+00 0.000000000000000e+00 0.000000000000000e+00 0.000000000000000e+00 0.000000000000000e+00 0.000000000000000e+00
3.125715849688235e+00 0.000000000000000e+00 0.000000000000000e+00 0.000000000000000e+00 0.000000000000000e+00 0.000000000000000e+00 0.000000000000000e+00 0.000000000000000e+00 0.000000000000000e+00 0.000000000000000e+00 0.000000000000000e+00 0.000000000000000e+00 0.000000000000000e+00 0.000000000000000e+00 0.000000000000000e+00 0.000000000000000e+00 0.000000000000000e+00 0.000000000000000e+00 0.000000000000000e+00 0.000000000000000e+00 0.000000000000000e+00
3.511191734215128e+00 0.000000000000000e+00 0.000000000000000e+00 0.000000000000000e+00 0.000000000000000e+00 0.000000000000000e+00 0.000000000000000e+00 0.000000000000000e+00 0.000000000000000e+00 0.000000000000000e+00 0.000000000000000e+00 0.000000000000000e+00 0.000000000000000e+00 0.000000000000000e+00 0.000000000000000e+00 0.000000000000000e+00 0.000000000000000e+00 0.000000000000000e+00 0.000000000000000e+00 0.000000000000000e+00 0.000000000000000e+00
3.944206059437656e+00 0.000000000000000e+00 0.000000000000000e+00 0.000000000000000e+00 0.000000000000000e+00 0.000000000000000e+00 0.000000000000000e+00 0.000000000000000e+00 0.000000000000000e+00 0.000000000000000e+00 0.000000000000000e+00 0.000000000000000e+00 0.000000000000000e+00 0.000000000000000e+00 0.000000000000000e+00 0.000000000000000e+00 0.000000000000000e+00 0.000000000000000e+00 0.000000000000000e+00 0.000000000000000e+00 0.000000000000000e+00
4.430621457583878e+00 0.000000000000000e+00 0.000000000000000e+00 0.000000000000000e+00 0.000000000000000e+00 0.000000000000000e+00 0.000000000000000e+00 0.000000000000000e+00 0.000000000000000e+00 0.000000000000000e+00 0.000000000000000e+00 0.000000000000000e+00 0.000000000000000e+00 0.000000000000000e+00 0.000000000000000e+00 0.000000000000000e+00 0.000000000000000e+00 0.000000000000000e+00 0.000000000000000e+00 0.000000000000000e+00 0.000000000000000e+00
4.977023564332113e+00 0.000000000000000e+00 0.000000000000000e+00 0.000000000000000e+00 0.000000000000000e+00 0.000000000000000e+00 0.000000000000000e+00 0.000000000000000e+00 0.000000000000000e+00 0.000000000000000e+00 0.000000000000000e+00 0.000000000000000e+00 0.000000000000000e+00 0.000000000000000e+00 0.000000000000000e+00 0.000000000000000e+00 0.000000000000000e+00 0.000000000000000e+00 0.000000000000000e+00 0.000000000000000e+00 0.000000000000000e+00
5.590810182512223e+00 0.000000000000000e+00 0.000000000000000e+00 0.000000000000000e+00 0.000000000000000e+00 0.000000000000000e+00 0.000000000000000e+00 0.000000000000000e+00 0.000000000000000e+00 0.000000000000000e+00 0.000000000000000e+00 0.000000000000000e+00 0.000000000000000e+00 0.000000000000000e+00 0.000000000000000e+00 0.000000000000000e+00 0.000000000000000e+00 0.000000000000000e+00 0.000000000000000e+00 0.000000000000000e+00 0.000000000000000e+00
6.280291441834247e+00 0.000000000000000e+00 0.000000000000000e+00 0.000000000000000e+00 0.000000000000000e+00 0.000000000000000e+00 0.000000000000000e+00 0.000000000000000e+00 0.000000000000000e+00 0.000000000000000e+00 0.000000000000000e+00 0.000000000000000e+00 0.000000000000000e+00 0.000000000000000e+00 0.000000000000000e+00 0.000000000000000e+00 0.000000000000000e+00 0.000000000000000e+00 0.000000000000000e+00 0.000000000000000e+00 0.000000000000000e+00
7.054802310718645e+00 0.000000000000000e+00 0.000000000000000e+00 0.000000000000000e+00 0.000000000000000e+00 0.000000000000000e+00 0.000000000000000e+00 0.000000000000000e+00 0.000000000000000e+00 0.000000000000000e+00 0.000000000000000e+00 0.000000000000000e+00 0.000000000000000e+00 0.000000000000000e+00 0.000000000000000e+00 0.000000000000000e+00 0.000000000000000e+00 0.000000000000000e+00 0.000000000000000e+00 0.000000000000000e+00 0.000000000000000e+00
7.924828983539170e+00 0.000000000000000e+00 0.000000000000000e+00 0.000000000000000e+00 0.000000000000000e+00 0.000000000000000e+00 0.000000000000000e+00 0.000000000000000e+00 0.000000000000000e+00 0.000000000000000e+00 0.000000000000000e+00 0.000000000000000e+00 0.000000000000000e+00 0.000000000000000e+00 0.000000000000000e+00 0.000000000000000e+00 0.000000000000000e+00 0.000000000000000e+00 0.000000000000000e+00 0.000000000000000e+00 0.000000000000000e+00
8.902150854450392e+00 0.000000000000000e+00 0.000000000000000e+00 0.000000000000000e+00 0.000000000000000e+00 0.000000000000000e+00 0.000000000000000e+00 0.000000000000000e+00 0.000000000000000e+00 0.000000000000000e+00 0.000000000000000e+00 0.000000000000000e+00 0.000000000000000e+00 0.000000000000000e+00 0.000000000000000e+00 0.000000000000000e+00 0.000000000000000e+00 0.000000000000000e+00 0.000000000000000e+00 0.000000000000000e+00 0.000000000000000e+00
1.000000000000000e+01 0.000000000000000e+00 0.000000000000000e+00 0.000000000000000e+00 0.000000000000000e+00 0.000000000000000e+00 0.000000000000000e+00 0.000000000000000e+00 0.000000000000000e+00 0.000000000000000e+00 0.000000000000000e+00 0.000000000000000e+00 0.000000000000000e+00 0.000000000000000e+00 0.000000000000000e+00 0.000000000000000e+00 0.000000000000000e+00 0.000000000000000e+00 0.000000000000000e+00 0.000000000000000e+00 0.000000000000000e+00
