0.000000000000000e+00	1.000000000000000e+18
1.001001001001001e-03	1.001166606067382e+18
2.002002002002002e-03	1.002335387697367e+18
3.003003003003003e-03	1.003506367406453e+18
4.004004004004004e-03	1.004679571497789e+18
5.005005005005005e-03	1.005855015453877e+18
6.006006006006006e-03	1.007032728051408e+18
7.007007007007007e-03	1.008212736488351e+18
8.008008008008008e-03	1.009395067962676e+18
9.009009009009009e-03	1.010579747661500e+18
1.001001001001001e-02	1.011766798067652e+18
1.101101101101101e-02	1.012956244136854e+18
1.201201201201201e-02	1.014148110877073e+18
1.301301301301301e-02	1.015342423476255e+18
1.401401401401401e-02	1.016539209247011e+18
1.501501501501501e-02	1.017738494783358e+18
1.601601601601602e-02	1.018940306220890e+18
1.701701701701702e-02	1.020144669695198e+18
1.801801801801802e-02	1.021351614363981e+18
1.901901901901902e-02	1.022561163820561e+18
2.002002002002002e-02	1.023773349520438e+18
2.102102102102102e-02	1.024988198228052e+18
2.202202202202202e-02	1.026205737170883e+18
2.302302302302302e-02	1.027425995808121e+18
2.402402402402402e-02	1.028649003072474e+18
2.502502502502502e-02	1.029874787860598e+18
2.602602602602603e-02	1.031103379439171e+18
2.702702702702703e-02	1.032334807444898e+18
2.802802802802803e-02	1.033569101884501e+18
2.902902902902903e-02	1.034806293134730e+18
3.003003003003003e-02	1.036046411935574e+18
3.103103103103103e-02	1.037289488949871e+18
3.203203203203203e-02	1.038535555208714e+18
3.303303303303303e-02	1.039784642293143e+18
3.403403403403403e-02	1.041036782126351e+18
3.503503503503504e-02	1.042292006973689e+18
3.603603603603604e-02	1.043550349442665e+18
3.703703703703703e-02	1.044811842482942e+18
3.803803803803804e-02	1.046076519386338e+18
3.903903903903904e-02	1.047344413606450e+18
4.004004004004004e-02	1.048615558754332e+18
4.104104104104104e-02	1.049889988973052e+18
4.204204204204204e-02	1.051167738732197e+18
4.304304304304304e-02	1.052448842825582e+18
4.404404404404404e-02	1.053733336371251e+18
4.504504504504504e-02	1.055021254811470e+18
4.604604604604605e-02	1.056312633912738e+18
4.704704704704705e-02	1.057607509922052e+18
4.804804804804805e-02	1.058905919932232e+18
4.904904904904905e-02	1.060207901017326e+18
5.005005005005005e-02	1.061513490563255e+18
5.105105105105105e-02	1.062822726311203e+18
5.205205205205205e-02	1.064135646357607e+18
5.305305305305305e-02	1.065452289154166e+18
5.405405405405406e-02	1.066772693507838e+18
5.505505505505506e-02	1.068096897584453e+18
5.605605605605606e-02	1.069424944252752e+18
5.705705705705705e-02	1.070756872029322e+18
5.805805805805805e-02	1.072092721582277e+18
5.905905905905906e-02	1.073432533945099e+18
6.006006006006006e-02	1.074776350520861e+18
6.106106106106106e-02	1.076124213086463e+18
6.206206206206206e-02	1.077476163796858e+18
6.306306306306306e-02	1.078832245197952e+18
6.406406406406406e-02	1.080192500849324e+18
6.506506506506507e-02	1.081556974696937e+18
6.606606606606606e-02	1.082925710821426e+18
6.706706706706707e-02	1.084298753751434e+18
6.806806806806806e-02	1.085676148470405e+18
6.906906906906907e-02	1.087057940423401e+18
7.007007007007007e-02	1.088444175523900e+18
7.107107107107107e-02	1.089834900160601e+18
7.207207207207207e-02	1.091230161204235e+18
7.307307307307308e-02	1.092630006014365e+18
7.407407407407407e-02	1.094034482446194e+18
7.507507507507508e-02	1.095443638998543e+18
7.607607607607608e-02	1.096857524789009e+18
7.707707707707707e-02	1.098276189318995e+18
7.807807807807808e-02	1.099699682627778e+18
7.907907907907907e-02	1.101128055300863e+18
8.008008008008008e-02	1.102561358477630e+18
8.108108108108109e-02	1.103999643858976e+18
8.208208208208208e-02	1.105442963714962e+18
8.308308308308308e-02	1.106891370892453e+18
8.408408408408408e-02	1.108344918822768e+18
8.508508508508508e-02	1.109803661529318e+18
8.608608608608609e-02	1.111267653520847e+18
8.708708708708708e-02	1.112736949650181e+18
8.808808808808809e-02	1.114211605590841e+18
8.908908908908909e-02	1.115691677632737e+18
9.009009009009009e-02	1.117177222673633e+18
9.109109109109109e-02	1.118668298225648e+18
9.209209209209210e-02	1.120164962421747e+18
9.309309309309309e-02	1.121667274022239e+18
9.409409409409410e-02	1.123175292421266e+18
9.509509509509509e-02	1.124689077653302e+18
9.609609609609610e-02	1.126208690399647e+18
9.709709709709710e-02	1.127734192045907e+18
9.809809809809809e-02	1.129265644922052e+18
9.909909909909910e-02	1.130803111865509e+18
1.001001001001001e-01	1.132346656365231e+18
1.011011011011011e-01	1.133896342609336e+18
1.021021021021021e-01	1.135452235492630e+18
1.031031031031031e-01	1.137014400624131e+18
1.041041041041041e-01	1.138582904334585e+18
1.051051051051051e-01	1.140157813683997e+18
1.061061061061061e-01	1.141739196469149e+18
1.071071071071071e-01	1.143327121231120e+18
1.081081081081081e-01	1.144921657288182e+18
1.091091091091091e-01	1.146522875121675e+18
1.101101101101101e-01	1.148130845852165e+18
1.111111111111111e-01	1.149745641287738e+18
1.121121121121121e-01	1.151367334046242e+18
1.131131131131131e-01	1.152995997564271e+18
1.141141141141141e-01	1.154631706106137e+18
1.151151151151151e-01	1.156274534772857e+18
1.161161161161161e-01	1.157924559511127e+18
1.171171171171171e-01	1.159581857122301e+18
1.181181181181181e-01	1.161246505271376e+18
1.191191191191191e-01	1.162918582913158e+18
1.201201201201201e-01	1.164598168878691e+18
1.211211211211211e-01	1.166285344592463e+18
1.221221221221221e-01	1.167980191495696e+18
1.231231231231231e-01	1.169682791978440e+18
1.241241241241241e-01	1.171393229388973e+18
1.251251251251251e-01	1.173111588043349e+18
1.261261261261261e-01	1.174837953235110e+18
1.271271271271271e-01	1.176572411245157e+18
1.281281281281281e-01	1.178315049351772e+18
1.291291291291291e-01	1.180065955840815e+18
1.301301301301301e-01	1.181825220016062e+18
1.311311311311311e-01	1.183592932521598e+18
1.321321321321321e-01	1.185369185350003e+18
1.331331331331331e-01	1.187154071223656e+18
1.341341341341341e-01	1.188947683969563e+18
1.351351351351351e-01	1.190750118538375e+18
1.361361361361361e-01	1.192561471019916e+18
1.371371371371371e-01	1.194381838659002e+18
1.381381381381381e-01	1.196211319871588e+18
1.391391391391391e-01	1.198050014261213e+18
1.401401401401401e-01	1.199898022635750e+18
1.411411411411412e-01	1.201755447024481e+18
1.421421421421421e-01	1.203622390695460e+18
1.431431431431431e-01	1.205498958217388e+18
1.441441441441441e-01	1.207385255683991e+18
1.451451451451451e-01	1.209281390347791e+18
1.461461461461462e-01	1.211187470758041e+18
1.471471471471471e-01	1.213103606816690e+18
1.481481481481481e-01	1.215029909799472e+18
1.491491491491491e-01	1.216966492377375e+18
1.501501501501502e-01	1.218913468638484e+18
1.511511511511512e-01	1.220870954110201e+18
1.521521521521522e-01	1.222839065781842e+18
1.531531531531531e-01	1.224817922127603e+18
1.541541541541541e-01	1.226807643129916e+18
1.551551551551552e-01	1.228808350301744e+18
1.561561561561562e-01	1.230820166602714e+18
1.571571571571572e-01	1.232843216570691e+18
1.581581581581581e-01	1.234877626392799e+18
1.591591591591592e-01	1.236923523875879e+18
1.601601601601602e-01	1.238981038471173e+18
1.611611611611612e-01	1.241050301299346e+18
1.621621621621622e-01	1.243131445175853e+18
1.631631631631631e-01	1.245224604636645e+18
1.641641641641642e-01	1.247329915964222e+18
1.651651651651652e-01	1.249447517214026e+18
1.661661661661662e-01	1.251577548241173e+18
1.671671671671672e-01	1.253720150727532e+18
1.681681681681682e-01	1.255875468293616e+18
1.691691691691692e-01	1.258043646615141e+18
1.701701701701702e-01	1.260224833141872e+18
1.711711711711712e-01	1.262419177272155e+18
1.721721721721722e-01	1.264626830391526e+18
1.731731731731732e-01	1.266847945903473e+18
1.741741741741742e-01	1.269082679260612e+18
1.751751751751752e-01	1.271331187996257e+18
1.761761761761762e-01	1.273593631756394e+18
1.771771771771772e-01	1.275870172332050e+18
1.781781781781782e-01	1.278160973692073e+18
1.791791791791792e-01	1.280466202016303e+18
1.801801801801802e-01	1.282786025768857e+18
1.811811811811812e-01	1.285120616139457e+18
1.821821821821822e-01	1.287470146462000e+18
1.831831831831832e-01	1.289834792351582e+18
1.841841841841842e-01	1.292214731845122e+18
1.851851851851852e-01	1.294610145440194e+18
1.861861861861862e-01	1.297021216134394e+18
1.871871871871872e-01	1.299448129465217e+18
1.881881881881882e-01	1.301891073550453e+18
1.891891891891892e-01	1.304350239129104e+18
1.901901901901902e-01	1.306825819602820e+18
1.911911911911912e-01	1.309318011077851e+18
1.921921921921922e-01	1.311827012407523e+18
1.931931931931932e-01	1.314353025646524e+18
1.941941941941942e-01	1.316896255889917e+18
1.951951951951952e-01	1.319456910814787e+18
1.961961961961962e-01	1.322035201071555e+18
1.971971971971972e-01	1.324631340333452e+18
1.981981981981982e-01	1.327245545346628e+18
1.991991991991992e-01	1.329878035980952e+18
2.002002002002002e-01	1.332529035281474e+18
2.012012012012012e-01	1.335198769520581e+18
2.022022022022022e-01	1.337887468250824e+18
2.032032032032032e-01	1.340595364358423e+18
2.042042042042042e-01	1.343322694117460e+18
2.052052052052052e-01	1.346069697447719e+18
2.062062062062062e-01	1.348836618537547e+18
2.072072072072072e-01	1.351623704645832e+18
2.082082082082082e-01	1.354431206635115e+18
2.092092092092092e-01	1.357259379110322e+18
2.102102102102102e-01	1.360108480483101e+18
2.112112112112112e-01	1.362978773037067e+18
2.122122122122122e-01	1.365870522993935e+18
2.132132132132132e-01	1.368784000580558e+18
2.142142142142142e-01	1.371719480096854e+18
2.152152152152152e-01	1.374677239984637e+18
2.162162162162162e-01	1.377657562897345e+18
2.172172172172172e-01	1.380660735807795e+18
2.182182182182182e-01	1.383687051104543e+18
2.192192192192192e-01	1.386736805421322e+18
2.202202202202202e-01	1.389810299596579e+18
2.212212212212212e-01	1.392907839139902e+18
2.222222222222222e-01	1.396029734315340e+18
2.232232232232232e-01	1.399176300225924e+18
2.242242242242242e-01	1.402347856899379e+18
2.252252252252252e-01	1.405544729375043e+18
2.262262262262262e-01	1.408767247791965e+18
2.272272272272272e-01	1.412015747478217e+18
2.282282282282282e-01	1.415290569041390e+18
2.292292292292292e-01	1.418592058460289e+18
2.302302302302302e-01	1.421920567778107e+18
2.312312312312312e-01	1.425276455447259e+18
2.322322322322322e-01	1.428660084926498e+18
2.332332332332332e-01	1.432071825557052e+18
2.342342342342342e-01	1.435512052692995e+18
2.352352352352352e-01	1.438981147816022e+18
2.362362362362362e-01	1.442479498652090e+18
2.372372372372372e-01	1.446007499289919e+18
2.382382382382382e-01	1.449565550301349e+18
2.392392392392392e-01	1.453154058863559e+18
2.402402402402402e-01	1.456773438982451e+18
2.412412412412412e-01	1.460424112049296e+18
2.422422422422423e-01	1.464106506191925e+18
2.432432432432432e-01	1.467821056648544e+18
2.442442442442442e-01	1.471568205970337e+18
2.452452452452452e-01	1.475348404161563e+18
2.462462462462462e-01	1.479162108821798e+18
2.472472472472473e-01	1.483009785290317e+18
2.482482482482483e-01	1.486891906792625e+18
2.492492492492492e-01	1.490808954589130e+18
2.502502502502503e-01	1.494761418173750e+18
2.512512512512513e-01	1.498749796773133e+18
2.522522522522522e-01	1.502774597982625e+18
2.532532532532533e-01	1.506836337736508e+18
2.542542542542542e-01	1.510935540965223e+18
2.552552552552553e-01	1.515072741775394e+18
2.562562562562563e-01	1.519248483632787e+18
2.572572572572572e-01	1.523463319548205e+18
2.582582582582583e-01	1.527717812266314e+18
2.592592592592592e-01	1.532012534457412e+18
2.602602602602603e-01	1.536348068912125e+18
2.612612612612613e-01	1.540725009676593e+18
2.622622622622622e-01	1.545143962217211e+18
2.632632632632633e-01	1.549605541935396e+18
2.642642642642642e-01	1.554110375352770e+18
2.652652652652653e-01	1.558659100347059e+18
2.662662662662663e-01	1.563252366385340e+18
2.672672672672672e-01	1.567890834761097e+18
2.682682682682683e-01	1.572575178835082e+18
2.692692692692693e-01	1.577306084279983e+18
2.702702702702703e-01	1.582084249328900e+18
2.712712712712713e-01	1.586910385584449e+18
2.722722722722722e-01	1.591785219913106e+18
2.732732732732733e-01	1.596709491346957e+18
2.742742742742743e-01	1.601683952580490e+18
2.752752752752753e-01	1.606709370465876e+18
2.762762762762763e-01	1.611786526313315e+18
2.772772772772773e-01	1.616916216196418e+18
2.782782782782783e-01	1.622099251262615e+18
2.792792792792793e-01	1.627336458048599e+18
2.802802802802803e-01	1.632628678800798e+18
2.812812812812813e-01	1.637976771935027e+18
2.822822822822823e-01	1.643381614648329e+18
2.832832832832833e-01	1.648844100614184e+18
2.842842842842843e-01	1.654365140348359e+18
2.852852852852853e-01	1.659945662223782e+18
2.862862862862863e-01	1.665586612877032e+18
2.872872872872873e-01	1.671288957622710e+18
2.882882882882883e-01	1.677053680875684e+18
2.892892892892893e-01	1.682881786581222e+18
2.902902902902903e-01	1.688774299060046e+18
2.912912912912913e-01	1.694732263527728e+18
2.922922922922923e-01	1.700756745776093e+18
2.932932932932933e-01	1.706848833058698e+18
2.942942942942943e-01	1.713009634580737e+18
2.952952952952953e-01	1.719240281993885e+18
2.962962962962963e-01	1.725541929899890e+18
2.972972972972973e-01	1.731915756362908e+18
2.982982982982983e-01	1.738362963873089e+18
2.992992992992993e-01	1.744884782210763e+18
3.003003003003003e-01	1.751482465314987e+18
3.013013013013013e-01	1.758157292850414e+18
3.023023023023023e-01	1.764910571168663e+18
3.033033033033033e-01	1.771743633935487e+18
3.043043043043043e-01	1.778657842769841e+18
3.053053053053053e-01	1.785654587894836e+18
3.063063063063063e-01	1.792735288821755e+18
3.073073073073073e-01	1.799901397260838e+18
3.083083083083083e-01	1.807154396152670e+18
3.093093093093093e-01	1.814495799155511e+18
3.103103103103103e-01	1.821927152475623e+18
3.113113113113113e-01	1.829450035651053e+18
3.123123123123123e-01	1.837066062350460e+18
3.133133133133133e-01	1.844776881187016e+18
3.143143143143143e-01	1.852584176547358e+18
3.153153153153153e-01	1.860489670699831e+18
3.163163163163163e-01	1.868495126782412e+18
3.173173173173173e-01	1.876602344666226e+18
3.183183183183183e-01	1.884813163971805e+18
3.193193193193193e-01	1.893129465219066e+18
3.203203203203203e-01	1.901553170834048e+18
3.213213213213213e-01	1.910086246175086e+18
3.223223223223223e-01	1.918730700578405e+18
3.233233233233233e-01	1.927488588672330e+18
3.243243243243243e-01	1.936362015238589e+18
3.253253253253253e-01	1.945353132260025e+18
3.263263263263263e-01	1.954464140167922e+18
3.273273273273273e-01	1.963697290014363e+18
3.283283283283283e-01	1.973054884790624e+18
3.293293293293293e-01	1.982539280774295e+18
3.303303303303303e-01	1.992152889002964e+18
3.313313313313313e-01	2.001898178063585e+18
3.323323323323323e-01	2.011777674010636e+18
3.333333333333333e-01	2.021793961905505e+18
3.343343343343343e-01	2.031949687674332e+18
3.353353353353353e-01	2.042247559684713e+18
3.363363363363363e-01	2.052690350354551e+18
3.373373373373373e-01	2.063280898099906e+18
3.383383383383383e-01	2.074022113070455e+18
3.393393393393394e-01	2.084916974328683e+18
3.403403403403403e-01	2.095968531905866e+18
3.413413413413414e-01	2.107179909618951e+18
3.423423423423423e-01	2.118554307040032e+18
3.433433433433433e-01	2.130095001507938e+18
3.443443443443444e-01	2.141805350510341e+18
3.453453453453453e-01	2.153688797851613e+18
3.463463463463464e-01	2.165748871172877e+18
3.473473473473473e-01	2.177989184541604e+18
3.483483483483483e-01	2.190413441695126e+18
3.493493493493494e-01	2.203025438473182e+18
3.503503503503503e-01	2.215829065302572e+18
3.513513513513514e-01	2.228828310193028e+18
3.523523523523523e-01	2.242027266665357e+18
3.533533533533533e-01	2.255430130231712e+18
3.543543543543544e-01	2.269041201741967e+18
3.553553553553553e-01	2.282864891432077e+18
3.563563563563564e-01	2.296905721942294e+18
3.573573573573574e-01	2.311168331400578e+18
3.583583583583583e-01	2.325657477189687e+18
3.593593593593594e-01	2.340378045915158e+18
3.603603603603603e-01	2.355335048757725e+18
3.613613613613614e-01	2.370533625788757e+18
3.623623623623624e-01	2.385979050984282e+18
3.633633633633633e-01	2.401676735979636e+18
3.643643643643644e-01	2.417632233905936e+18
3.653653653653653e-01	2.433851244122969e+18
3.663663663663664e-01	2.450339624583299e+18
3.673673673673674e-01	2.467103385933080e+18
3.683683683683684e-01	2.484148697055035e+18
3.693693693693694e-01	2.501481891248414e+18
3.703703703703703e-01	2.519109470903804e+18
3.713713713713714e-01	2.537038112280349e+18
3.723723723723724e-01	2.555274671215706e+18
3.733733733733734e-01	2.573826196625678e+18
3.743743743743744e-01	2.592699926754873e+18
3.753753753753754e-01	2.611903295641377e+18
3.763763763763764e-01	2.631443940410234e+18
3.773773773773774e-01	2.651329707284641e+18
3.783783783783784e-01	2.671568658330949e+18
3.793793793793794e-01	2.692169079357725e+18
3.803803803803804e-01	2.713139483895901e+18
3.813813813813814e-01	2.734488620765420e+18
3.823823823823824e-01	2.756225481059752e+18
3.833833833833834e-01	2.778359305179642e+18
3.843843843843844e-01	2.800899594895749e+18
3.853853853853854e-01	2.823856122038070e+18
3.863863863863864e-01	2.847238928917512e+18
3.873873873873874e-01	2.871058340125399e+18
3.883883883883884e-01	2.895324970916957e+18
3.893893893893894e-01	2.920049735967521e+18
3.903903903903904e-01	2.945243864426798e+18
3.913913913913914e-01	2.970918904411177e+18
3.923923923923924e-01	2.997086730776686e+18
3.933933933933934e-01	3.023759556737860e+18
3.943943943943944e-01	3.050949943895826e+18
3.953953953953954e-01	3.078670813710476e+18
3.963963963963964e-01	3.106935465880546e+18
3.973973973973974e-01	3.135757579714375e+18
3.983983983983984e-01	3.165151227433244e+18
3.993993993993994e-01	3.195130886900769e+18
4.004004004004004e-01	3.225711453623899e+18
4.014014014014014e-01	3.256908256561222e+18
4.024024024024024e-01	3.288737076509450e+18
4.034034034034034e-01	3.321214148083079e+18
4.044044044044044e-01	3.354356177695041e+18
4.054054054054054e-01	3.388180357809726e+18
4.064064064064064e-01	3.422704380933209e+18
4.074074074074074e-01	3.457946463140182e+18
4.084084084084084e-01	3.493925354784443e+18
4.094094094094094e-01	3.530660351900339e+18
4.104104104104104e-01	3.568171315355497e+18
4.114114114114114e-01	3.606478687491815e+18
4.124124124124124e-01	3.645603509703547e+18
4.134134134134134e-01	3.685567449926197e+18
4.144144144144144e-01	3.726392811199830e+18
4.154154154154154e-01	3.768102549846723e+18
4.164164164164164e-01	3.810720297063501e+18
4.174174174174174e-01	3.854270378733040e+18
4.184184184184184e-01	3.898777835744564e+18
4.194194194194194e-01	3.944268447173109e+18
4.204204204204204e-01	3.990768755087500e+18
4.214214214214214e-01	4.038306079772357e+18
4.224224224224224e-01	4.086908545499034e+18
4.234234234234234e-01	4.136605104264308e+18
4.244244244244244e-01	4.187425560042073e+18
4.254254254254254e-01	4.239400593307756e+18
4.264264264264264e-01	4.292561776340094e+18
4.274274274274274e-01	4.346941607702106e+18
4.284284284284284e-01	4.402573540498098e+18
4.294294294294294e-01	4.459492006507716e+18
4.304304304304304e-01	4.517732443730832e+18
4.314314314314314e-01	4.577331324594903e+18
4.324324324324325e-01	4.638326181139498e+18
4.334334334334334e-01	4.700755626899309e+18
4.344344344344344e-01	4.764659400283084e+18
4.354354354354354e-01	4.830078389656536e+18
4.364364364364364e-01	4.897054663641563e+18
4.374374374374375e-01	4.965631502461431e+18
4.384384384384384e-01	5.035853429689847e+18
4.394394394394394e-01	5.107766235538751e+18
4.404404404404405e-01	5.181417016290964e+18
4.414414414414414e-01	5.256854210649273e+18
4.424424424424425e-01	5.334127630419958e+18
4.434434434434434e-01	5.413288494729406e+18
4.444444444444444e-01	5.494389464787239e+18
4.454454454454455e-01	5.577484675243018e+18
4.464464464464464e-01	5.662629758839796e+18
4.474474474474475e-01	5.749881899988680e+18
4.484484484484484e-01	5.839299864674538e+18
4.494494494494494e-01	5.930944035915879e+18
4.504504504504505e-01	6.024876450424433e+18
4.514514514514514e-01	6.121160835461982e+18
4.524524524524525e-01	6.219862630002385e+18
4.534534534534534e-01	6.321049030988177e+18
4.544544544544544e-01	6.424789038793844e+18
4.554554554554555e-01	6.531153487896046e+18
4.564564564564564e-01	6.640215084008975e+18
4.574574574574575e-01	6.752048441360171e+18
4.584584584584585e-01	6.866730114742844e+18
4.594594594594594e-01	6.984338616772090e+18
4.604604604604605e-01	7.104954483794899e+18
4.614614614614614e-01	7.228660303106850e+18
4.624624624624625e-01	7.355540746825747e+18
4.634634634634635e-01	7.485682607358796e+18
4.644644644644644e-01	7.619174832545946e+18
4.654654654654655e-01	7.756108540490290e+18
4.664664664664664e-01	7.896577060990053e+18
4.674674674674675e-01	8.040675983453203e+18
4.684684684684685e-01	8.188503179230859e+18
4.694694694694695e-01	8.340158832820898e+18
4.704704704704705e-01	8.495745472368864e+18
4.714714714714714e-01	8.655367995258264e+18
4.724724724724725e-01	8.819133676168443e+18
4.734734734734735e-01	8.987152222093117e+18
4.744744744744745e-01	9.159535790915986e+18
4.754754754754755e-01	9.336399013488163e+18
4.764764764764765e-01	9.517859016780906e+18
4.774774774774775e-01	9.704035445770369e+18
4.784784784784785e-01	9.895050475567806e+18
4.794794794794795e-01	1.009102883145924e+19
4.804804804804805e-01	1.029209781488510e+19
4.814814814814815e-01	1.049838731375998e+19
4.824824824824825e-01	1.071002981608078e+19
4.834834834834835e-01	1.092716042179628e+19
4.844844844844845e-01	1.114991685709457e+19
4.854854854854855e-01	1.137843951074222e+19
4.864864864864865e-01	1.161287140697605e+19
4.874874874874875e-01	1.185335821872004e+19
4.884884884884885e-01	1.210004827602204e+19
4.894894894894895e-01	1.235309256894997e+19
4.904904904904905e-01	1.261264474861920e+19
4.914914914914915e-01	1.287886120138109e+19
4.924924924924925e-01	1.315190120721592e+19
4.934934934934935e-01	1.343192661601903e+19
4.944944944944945e-01	1.371910219444515e+19
4.954954954954955e-01	1.401359553061947e+19
4.964964964964965e-01	1.431557717898444e+19
4.974974974974975e-01	1.462522075901673e+19
4.984984984984985e-01	1.494270310822653e+19
4.994994994994995e-01	1.526820445427643e+19
5.005005005005005e-01	1.560190872853253e+19
5.015015015015015e-01	1.594400381748063e+19
5.025025025025025e-01	1.629468212044441e+19
5.035035035035035e-01	1.665414098291702e+19
5.045045045045045e-01	1.702258352880242e+19
5.055055055055055e-01	1.740021950748372e+19
5.065065065065065e-01	1.778726640738654e+19
5.075075075075075e-01	1.818395104108242e+19
5.085085085085085e-01	1.859051099565732e+19
5.095095095095095e-01	1.900719734730421e+19
5.105105105105106e-01	1.943427653451016e+19
5.115115115115115e-01	1.987203461747866e+19
5.125125125125125e-01	2.032078079993321e+19
5.135135135135135e-01	2.078085205789193e+19
5.145145145145145e-01	2.125261956931020e+19
5.155155155155156e-01	2.173649549772238e+19
5.165165165165165e-01	2.223294153413921e+19
5.175175175175175e-01	2.274247967572195e+19
5.185185185185185e-01	2.326570401040511e+19
5.195195195195195e-01	2.380329685461562e+19
5.205205205205206e-01	2.435604591058145e+19
5.215215215215215e-01	2.492486708964153e+19
5.225225225225225e-01	2.551083135646190e+19
5.235235235235235e-01	2.611519791227365e+19
5.245245245245245e-01	2.673945482008479e+19
5.255255255255256e-01	2.738537133719716e+19
5.265265265265265e-01	2.805506090292378e+19
5.275275275275275e-01	2.875106382465443e+19
5.285285285285285e-01	2.947645254889452e+19
5.295295295295295e-01	3.023496942969985e+19
5.305305305305306e-01	3.103121073971615e+19
5.315315315315315e-01	3.187087218078389e+19
5.325325325325325e-01	3.276108883263634e+19
5.335335335335335e-01	3.371091169336849e+19
5.345345345345345e-01	3.473199092156836e+19
5.355355355355356e-01	3.583958519145676e+19
5.365365365365365e-01	3.705409420659381e+19
5.375375375375375e-01	3.840347272895686e+19
5.385385385385385e-01	3.992718733823451e+19
5.395395395395395e-01	4.168303222930809e+19
5.405405405405406e-01	4.375958487822449e+19
5.415415415415415e-01	4.630072088969767e+19
5.425425425425425e-01	4.955862610661011e+19
5.435435435435435e-01	5.402366162209183e+19
5.445445445445445e-01	6.080228508076227e+19
5.455455455455456e-01	7.303184307966324e+19
5.465465465465466e-01	1.036716765601507e+20
5.475475475475475e-01	2.445583592206618e+20
5.485485485485485e-01	1.206060718661413e+21
5.495495495495496e-01	7.237146208938756e+21
5.505505505505506e-01	4.914514311328062e+22
5.515515515515516e-01	3.660315672771029e+23
5.525525525525525e-01	3.452182460823037e+24
5.535535535535535e-01	5.238427932326884e+25
5.545545545545546e-01	1.425787199346679e+27
5.555555555555556e-01	4.786961539270991e+27
5.565565565565566e-01	7.548658050323230e+27
5.575575575575575e-01	9.910922986665665e+27
5.585585585585585e-01	1.201563914121599e+28
5.595595595595596e-01	1.393780303337157e+28
5.605605605605606e-01	1.572194869997740e+28
5.615615615615616e-01	1.739698235681365e+28
5.625625625625625e-01	1.898291368951802e+28
5.635635635635635e-01	2.049427554998305e+28
5.645645645645646e-01	2.194202091649448e+28
5.655655655655656e-01	2.333465082673936e+28
5.665665665665666e-01	2.467892255653195e+28
5.675675675675675e-01	2.598031441902686e+28
5.685685685685685e-01	2.724334204468149e+28
5.695695695695696e-01	2.847178078772627e+28
5.705705705705706e-01	2.966882589706341e+28
5.715715715715716e-01	3.083721058178544e+28
5.725725725725725e-01	3.197929489914903e+28
5.735735735735735e-01	3.309713346944568e+28
5.745745745745746e-01	3.419252854401508e+28
5.755755755755756e-01	3.526707145171357e+28
5.765765765765766e-01	3.632217576047332e+28
5.775775775775776e-01	3.735910398637906e+28
5.785785785785785e-01	3.837898934938069e+28
5.795795795795796e-01	3.938285372336326e+28
5.805805805805806e-01	4.037162216147671e+28
5.815815815815816e-01	4.134613563676975e+28
5.825825825825826e-01	4.230716122533835e+28
5.835835835835835e-01	4.325540092594373e+28
5.845845845845846e-01	4.419149919344394e+28
5.855855855855856e-01	4.511604934294941e+28
5.865865865865866e-01	4.602959904817060e+28
5.875875875875876e-01	4.693265512524248e+28
5.885885885885885e-01	4.782568771807706e+28
5.895895895895896e-01	4.870913392882924e+28
5.905905905905906e-01	4.958340075823104e+28
5.915915915915916e-01	5.044886833877095e+28
5.925925925925926e-01	5.130589197623778e+28
5.935935935935935e-01	5.215480465692927e+28
5.945945945945946e-01	5.299591872674425e+28
5.955955955955956e-01	5.382952782871736e+28
5.965965965965966e-01	5.465590829762484e+28
5.975975975975976e-01	5.547532064494700e+28
5.985985985985985e-01	5.628801074644816e+28
5.995995995995996e-01	5.709421099364626e+28
6.006006006006006e-01	5.789414130044893e+28
6.016016016016016e-01	5.868801001700778e+28
6.026026026026026e-01	5.947601481555971e+28
6.036036036036035e-01	6.025834332246362e+28
6.046046046046046e-01	6.103517381361009e+28
6.056056056056056e-01	6.180667611198523e+28
6.066066066066066e-01	6.257301180488188e+28
6.076076076076076e-01	6.333433498339727e+28
6.086086086086087e-01	6.409079271385568e+28
6.096096096096096e-01	6.484252534238264e+28
6.106106106106106e-01	6.558966710132608e+28
6.116116116116116e-01	6.633234634116358e+28
6.126126126126126e-01	6.707068590360217e+28
6.136136136136137e-01	6.780480352762010e+28
6.146146146146146e-01	6.853481202322572e+28
6.156156156156156e-01	6.926081964122601e+28
6.166166166166166e-01	6.998293030112193e+28
6.176176176176176e-01	7.070124379450920e+28
6.186186186186187e-01	7.141585607738233e+28
6.196196196196196e-01	7.212685941239788e+28
6.206206206206206e-01	7.283434260222560e+28
6.216216216216216e-01	7.353839117693555e+28
6.226226226226226e-01	7.423908748107725e+28
6.236236236236237e-01	7.493651083747344e+28
6.246246246246246e-01	7.563073786572073e+28
6.256256256256256e-01	7.632184248688938e+28
6.266266266266266e-01	7.700989600367045e+28
6.276276276276276e-01	7.769496726788946e+28
6.286286286286287e-01	7.837712290788139e+28
6.296296296296297e-01	7.905642728423833e+28
6.306306306306306e-01	7.973294261164478e+28
6.316316316316316e-01	8.040672910917685e+28
6.326326326326326e-01	8.107784511281966e+28
6.336336336336337e-01	8.174634707034058e+28
6.346346346346347e-01	8.241228964781983e+28
6.356356356356356e-01	8.307572586557253e+28
6.366366366366366e-01	8.373670712394266e+28
6.376376376376376e-01	8.439528325156370e+28
6.386386386386387e-01	8.505150258593679e+28
6.396396396396397e-01	8.570541207736907e+28
6.406406406406406e-01	8.635705728976329e+28
6.416416416416416e-01	8.700648246244754e+28
6.426426426426426e-01	8.765373058209195e+28
6.436436436436437e-01	8.829884344182890e+28
6.446446446446447e-01	8.894186165308116e+28
6.456456456456456e-01	8.958282470077905e+28
6.466466466466466e-01	9.022177102326546e+28
6.476476476476476e-01	9.085873801322500e+28
6.486486486486487e-01	9.149376204515508e+28
6.496496496496497e-01	9.212687851497225e+28
6.506506506506506e-01	9.275812186885034e+28
6.516516516516516e-01	9.338752572909582e+28
6.526526526526526e-01	9.401512286555393e+28
6.536536536536537e-01	9.464094517677545e+28
6.546546546546547e-01	9.526502374753455e+28
6.556556556556556e-01	9.588738887125278e+28
6.566566566566566e-01	9.650807012853268e+28
6.576576576576576e-01	9.712709640056930e+28
6.586586586586587e-01	9.774449583556050e+28
6.596596596596597e-01	9.836029589793823e+28
6.606606606606606e-01	9.897452338680463e+28
6.616616616616616e-01	9.958720448500247e+28
6.626626626626626e-01	1.001983647941888e+29
6.636636636636637e-01	1.008080292947553e+29
6.646646646646647e-01	1.014162223879511e+29
6.656656656656657e-01	1.020229679115487e+29
6.666666666666666e-01	1.026282891701801e+29
6.676676676676676e-01	1.032322089745202e+29
6.686686686686687e-01	1.038347496086512e+29
6.696696696696697e-01	1.044359328616080e+29
6.706706706706707e-01	1.050357800412202e+29
6.716716716716716e-01	1.056343119940735e+29
6.726726726726726e-01	1.062315491417546e+29
6.736736736736737e-01	1.068275114570454e+29
6.746746746746747e-01	1.074222184863729e+29
6.756756756756757e-01	1.080156893623229e+29
6.766766766766766e-01	1.086079428174809e+29
6.776776776776777e-01	1.091989972150124e+29
6.786786786786787e-01	1.097888705335517e+29
6.796796796796797e-01	1.103775803821533e+29
6.806806806806807e-01	1.109651440116827e+29
6.816816816816816e-01	1.115515783259737e+29
6.826826826826827e-01	1.121368999142280e+29
6.836836836836837e-01	1.127211250283494e+29
6.846846846846847e-01	1.133042695945157e+29
6.856856856856857e-01	1.138863492249405e+29
6.866866866866866e-01	1.144673792245318e+29
6.876876876876877e-01	1.150473745970271e+29
6.886886886886887e-01	1.156263500526824e+29
6.896896896896897e-01	1.162043200751510e+29
6.906906906906907e-01	1.167812988698745e+29
6.916916916916916e-01	1.173573003566114e+29
6.926926926926927e-01	1.179323381946245e+29
6.936936936936937e-01	1.185064257881194e+29
6.946946946946947e-01	1.190795762913037e+29
6.956956956956957e-01	1.196518026131429e+29
6.966966966966966e-01	1.202231174568041e+29
6.976976976976977e-01	1.207935333082733e+29
6.986986986986987e-01	1.213630624110032e+29
6.996996996996997e-01	1.219317167900871e+29
7.007007007007007e-01	1.224995082567077e+29
7.017017017017017e-01	1.230664484123044e+29
7.027027027027027e-01	1.236325486524592e+29
7.037037037037037e-01	1.241978201880990e+29
7.047047047047047e-01	1.247622740572410e+29
7.057057057057057e-01	1.253259210912525e+29
7.067067067067067e-01	1.258887719367509e+29
7.077077077077077e-01	1.264508370595732e+29
7.087087087087087e-01	1.270121267482627e+29
7.097097097097097e-01	1.275726511173476e+29
7.107107107107107e-01	1.281324201180206e+29
7.117117117117117e-01	1.286914435564626e+29
7.127127127127127e-01	1.292497310655570e+29
7.137137137137137e-01	1.298072921199706e+29
7.147147147147147e-01	1.303641360403334e+29
7.157157157157157e-01	1.309202719961535e+29
7.167167167167167e-01	1.314757090085730e+29
7.177177177177178e-01	1.320304559559948e+29
7.187187187187187e-01	1.325845215917649e+29
7.197197197197197e-01	1.331379145239639e+29
7.207207207207207e-01	1.336906432239567e+29
7.217217217217217e-01	1.342427160309323e+29
7.227227227227228e-01	1.347941411543524e+29
7.237237237237237e-01	1.353449266762775e+29
7.247247247247247e-01	1.358950805545406e+29
7.257257257257257e-01	1.364446106369940e+29
7.267267267267267e-01	1.369935246495093e+29
7.277277277277278e-01	1.375418301990161e+29
7.287287287287287e-01	1.380895347782974e+29
7.297297297297297e-01	1.386366457680561e+29
7.307307307307307e-01	1.391831704388861e+29
7.317317317317317e-01	1.397291159534534e+29
7.327327327327328e-01	1.402744893816759e+29
7.337337337337337e-01	1.408192976888856e+29
7.347347347347347e-01	1.413635477335717e+29
7.357357357357357e-01	1.419072462745524e+29
7.367367367367368e-01	1.424503999725852e+29
7.377377377377378e-01	1.429930153918915e+29
7.387387387387387e-01	1.435350990015963e+29
7.397397397397397e-01	1.440766571770826e+29
7.407407407407407e-01	1.446176962012605e+29
7.417417417417418e-01	1.451582222660711e+29
7.427427427427428e-01	1.456982415067038e+29
7.437437437437437e-01	1.462377599746673e+29
7.447447447447447e-01	1.467767836212658e+29
7.457457457457457e-01	1.473153183156035e+29
7.467467467467468e-01	1.478533698458746e+29
7.477477477477478e-01	1.483909439205919e+29
7.487487487487487e-01	1.489280461697539e+29
7.497497497497497e-01	1.494646821459499e+29
7.507507507507507e-01	1.500008573254031e+29
7.517517517517518e-01	1.505365771089923e+29
7.527527527527528e-01	1.510718468440712e+29
7.537537537537538e-01	1.516066718120057e+29
7.547547547547547e-01	1.521410572114154e+29
7.557557557557557e-01	1.526750081724210e+29
7.567567567567568e-01	1.532085297576837e+29
7.577577577577578e-01	1.537416269633998e+29
7.587587587587588e-01	1.542743047202493e+29
7.597597597597597e-01	1.548065678942991e+29
7.607607607607607e-01	1.553384212878600e+29
7.617617617617618e-01	1.558698696402994e+29
7.627627627627628e-01	1.564009176422775e+29
7.637637637637638e-01	1.569315699315867e+29
7.647647647647647e-01	1.574618310766887e+29
7.657657657657657e-01	1.579917055884930e+29
7.667667667667668e-01	1.585211979212121e+29
7.677677677677678e-01	1.590503124731799e+29
7.687687687687688e-01	1.595790535876368e+29
7.697697697697697e-01	1.601074255534805e+29
7.707707707707707e-01	1.606354326059831e+29
7.717717717717718e-01	1.611630789274750e+29
7.727727727727728e-01	1.616903686560788e+29
7.737737737737738e-01	1.622173058861453e+29
7.747747747747747e-01	1.627438946542704e+29
7.757757757757757e-01	1.632701389482453e+29
7.767767767767768e-01	1.637960427078137e+29
7.777777777777778e-01	1.643216098253464e+29
7.787787787787788e-01	1.648468441464918e+29
7.797797797797797e-01	1.653717494707994e+29
7.807807807807807e-01	1.658963295523189e+29
7.817817817817818e-01	1.664205881001740e+29
7.827827827827828e-01	1.669445287841263e+29
7.837837837837838e-01	1.674681552370295e+29
7.847847847847848e-01	1.679914710431898e+29
7.857857857857857e-01	1.685144797451903e+29
7.867867867867868e-01	1.690371848446011e+29
7.877877877877878e-01	1.695595898025404e+29
7.887887887887888e-01	1.700816980402158e+29
7.897897897897898e-01	1.706035129394457e+29
7.907907907907907e-01	1.711250378431621e+29
7.917917917917918e-01	1.716462760558932e+29
7.927927927927928e-01	1.721672308473413e+29
7.937937937937938e-01	1.726879054555667e+29
7.947947947947948e-01	1.732083030776093e+29
7.957957957957957e-01	1.737284268745886e+29
7.967967967967968e-01	1.742482799723852e+29
7.977977977977978e-01	1.747678654621090e+29
7.987987987987988e-01	1.752871864005533e+29
7.997997997997998e-01	1.758062458106328e+29
8.008008008008007e-01	1.763250466818067e+29
8.018018018018018e-01	1.768435919704877e+29
8.028028028028028e-01	1.773618846036544e+29
8.038038038038038e-01	1.778799274832692e+29
8.048048048048048e-01	1.783977234733672e+29
8.058058058058059e-01	1.789152754065595e+29
8.068068068068068e-01	1.794325860848413e+29
8.078078078078078e-01	1.799496582799554e+29
8.088088088088088e-01	1.804664947337398e+29
8.098098098098098e-01	1.809830981584638e+29
8.108108108108109e-01	1.814994712371490e+29
8.118118118118118e-01	1.820156166238771e+29
8.128128128128128e-01	1.825315369440842e+29
8.138138138138138e-01	1.830472347948413e+29
8.148148148148148e-01	1.835627127451206e+29
8.158158158158159e-01	1.840779733360491e+29
8.168168168168168e-01	1.845930190860750e+29
8.178178178178178e-01	1.851078525093013e+29
8.188188188188188e-01	1.856224760780644e+29
8.198198198198198e-01	1.861368922363171e+29
8.208208208208209e-01	1.866511034028439e+29
8.218218218218218e-01	1.871651119715500e+29
8.228228228228228e-01	1.876789203117420e+29
8.238238238238238e-01	1.881925307683971e+29
8.248248248248248e-01	1.887059456624236e+29
8.258258258258259e-01	1.892191672909111e+29
8.268268268268268e-01	1.897321979273703e+29
8.278278278278278e-01	1.902450398219638e+29
8.288288288288288e-01	1.907576952017262e+29
8.298298298298298e-01	1.912701662707752e+29
8.308308308308309e-01	1.917824552121314e+29
8.318318318318318e-01	1.922945642029647e+29
8.328328328328328e-01	1.928064953906548e+29
8.338338338338338e-01	1.933182508976596e+29
8.348348348348348e-01	1.938298328255311e+29
8.358358358358359e-01	1.943412432551482e+29
8.368368368368369e-01	1.948524842469427e+29
8.378378378378378e-01	1.953635578411178e+29
8.388388388388388e-01	1.958744660578593e+29
8.398398398398398e-01	1.963852108975394e+29
8.408408408408409e-01	1.968957943409135e+29
8.418418418418419e-01	1.974062183493097e+29
8.428428428428428e-01	1.979164848648106e+29
8.438438438438438e-01	1.984265958104286e+29
8.448448448448448e-01	1.989365530906369e+29
8.458458458458459e-01	1.994463586025043e+29
8.468468468468469e-01	1.999560142222348e+29
8.478478478478478e-01	2.004655218039346e+29
8.488488488488488e-01	2.009748831842008e+29
8.498498498498498e-01	2.014841001823126e+29
8.508508508508509e-01	2.019931746004163e+29
8.518518518518519e-01	2.025021082237047e+29
8.528528528528528e-01	2.030109028205922e+29
8.538538538538538e-01	2.035195601428833e+29
8.548548548548548e-01	2.040280819259369e+29
8.558558558558559e-01	2.045364698888240e+29
8.568568568568569e-01	2.050447257344810e+29
8.578578578578578e-01	2.055528511498576e+29
8.588588588588588e-01	2.060608478060699e+29
8.598598598598598e-01	2.065687173649416e+29
8.608608608608609e-01	2.070764614741161e+29
8.618618618618619e-01	2.075840817618723e+29
8.628628628628628e-01	2.080915798417047e+29
8.638638638638638e-01	2.085989573124800e+29
8.648648648648649e-01	2.091062157585890e+29
8.658658658658659e-01	2.096133567500945e+29
8.668668668668669e-01	2.101203818428762e+29
8.678678678678678e-01	2.106272925787707e+29
8.688688688688688e-01	2.111340904857072e+29
8.698698698698699e-01	2.116407770778397e+29
8.708708708708709e-01	2.121473538556753e+29
8.718718718718719e-01	2.126538223061981e+29
8.728728728728729e-01	2.131601839029888e+29
8.738738738738738e-01	2.136664401095731e+29
8.748748748748749e-01	2.141725923796539e+29
8.758758758758759e-01	2.146786421501032e+29
8.768768768768769e-01	2.151845908451608e+29
8.778778778778779e-01	2.156904398766209e+29
8.788788788788788e-01	2.161961906439586e+29
8.798798798798799e-01	2.167018445344527e+29
8.808808808808809e-01	2.172074029233054e+29
8.818818818818819e-01	2.177128671737596e+29
8.828828828828829e-01	2.182182386372119e+29
8.838838838838838e-01	2.187235186533243e+29
8.848848848848849e-01	2.192287085501307e+29
8.858858858858859e-01	2.197338096441418e+29
8.868868868868869e-01	2.202388232404469e+29
8.878878878878879e-01	2.207437506343286e+29
8.888888888888888e-01	2.212485931134883e+29
8.898898898898899e-01	2.217533519515394e+29
8.908908908908909e-01	2.222580284110952e+29
8.918918918918919e-01	2.227626237441111e+29
8.928928928928929e-01	2.232671391919893e+29
8.938938938938938e-01	2.237715759856814e+29
8.948948948948949e-01	2.242759353457890e+29
8.958958958958959e-01	2.247802184826612e+29
8.968968968968969e-01	2.252844265964903e+29
8.978978978978979e-01	2.257885608774050e+29
8.988988988988988e-01	2.262926225055607e+29
8.998998998998999e-01	2.267966126512285e+29
9.009009009009009e-01	2.273005324748803e+29
9.019019019019019e-01	2.278043831283655e+29
9.029029029029029e-01	2.283081657590694e+29
9.039039039039038e-01	2.288118815009854e+29
9.049049049049049e-01	2.293155314780533e+29
9.059059059059059e-01	2.298191168049896e+29
9.069069069069069e-01	2.303226385873695e+29
9.079079079079079e-01	2.308260979217056e+29
9.089089089089089e-01	2.313294958955252e+29
9.099099099099099e-01	2.318328335874452e+29
9.109109109109109e-01	2.323361120672444e+29
9.119119119119119e-01	2.328393323959348e+29
9.129129129129129e-01	2.333424956258294e+29
9.139139139139139e-01	2.338456028006088e+29
9.149149149149149e-01	2.343486549553853e+29
9.159159159159159e-01	2.348516531167644e+29
9.169169169169169e-01	2.353545983029051e+29
9.179179179179179e-01	2.358574915235775e+29
9.189189189189189e-01	2.363603337802178e+29
9.199199199199199e-01	2.368631260659821e+29
9.209209209209209e-01	2.373658693657974e+29
9.219219219219219e-01	2.378685646589215e+29
9.229229229229229e-01	2.383712129306358e+29
9.239239239239239e-01	2.388738151482854e+29
9.249249249249250e-01	2.393763722692849e+29
9.259259259259259e-01	2.398788852435282e+29
9.269269269269269e-01	2.403813550134530e+29
9.279279279279279e-01	2.408837825141036e+29
9.289289289289289e-01	2.413861686731915e+29
9.299299299299300e-01	2.418885144111555e+29
9.309309309309309e-01	2.423908206412188e+29
9.319319319319319e-01	2.428930882694459e+29
9.329329329329329e-01	2.433953181947974e+29
9.339339339339340e-01	2.438975113091833e+29
9.349349349349350e-01	2.443996684975141e+29
9.359359359359359e-01	2.449017906377518e+29
9.369369369369369e-01	2.454038786009580e+29
9.379379379379379e-01	2.459059332513410e+29
9.389389389389390e-01	2.464079554463013e+29
9.399399399399400e-01	2.469099460364754e+29
9.409409409409409e-01	2.474119058657786e+29
9.419419419419419e-01	2.479138357729254e+29
9.429429429429429e-01	2.484157365999821e+29
9.439439439439440e-01	2.489176091759225e+29
9.449449449449450e-01	2.494194543215846e+29
9.459459459459459e-01	2.499212728516101e+29
9.469469469469469e-01	2.504230655744954e+29
9.479479479479479e-01	2.509248332926412e+29
9.489489489489490e-01	2.514265768024016e+29
9.499499499499500e-01	2.519282968941313e+29
9.509509509509509e-01	2.524299943522326e+29
9.519519519519519e-01	2.529316699552004e+29
9.529529529529529e-01	2.534333244756667e+29
9.539539539539540e-01	2.539349586804433e+29
9.549549549549550e-01	2.544365733305640e+29
9.559559559559559e-01	2.549381691813255e+29
9.569569569569569e-01	2.554397469823265e+29
9.579579579579579e-01	2.559413074775071e+29
9.589589589589590e-01	2.564428514051856e+29
9.599599599599600e-01	2.569443794980946e+29
9.609609609609610e-01	2.574458924834167e+29
9.619619619619619e-01	2.579473910837139e+29
9.629629629629629e-01	2.584488760233624e+29
9.639639639639640e-01	2.589503480168900e+29
9.649649649649650e-01	2.594518077720691e+29
9.659659659659660e-01	2.599532559915230e+29
9.669669669669669e-01	2.604546933727677e+29
9.679679679679679e-01	2.609561206082522e+29
9.689689689689690e-01	2.614575383853981e+29
9.699699699699700e-01	2.619589473866383e+29
9.709709709709710e-01	2.624603482894551e+29
9.719719719719719e-01	2.629617417664176e+29
9.729729729729729e-01	2.634631284852175e+29
9.739739739739740e-01	2.639645091087048e+29
9.749749749749750e-01	2.644658842949223e+29
9.759759759759760e-01	2.649672546971399e+29
9.769769769769769e-01	2.654686209638867e+29
9.779779779779779e-01	2.659699837389841e+29
9.789789789789790e-01	2.664713436615761e+29
9.799799799799800e-01	2.669727013661605e+29
9.809809809809810e-01	2.674740574826184e+29
9.819819819819819e-01	2.679754126367506e+29
9.829829829829829e-01	2.684767674548476e+29
9.839839839839840e-01	2.689781225558687e+29
9.849849849849850e-01	2.694794785531992e+29
9.859859859859860e-01	2.699808360559103e+29
9.869869869869869e-01	2.704821956687930e+29
9.879879879879879e-01	2.709835579923906e+29
9.889889889889890e-01	2.714849236230316e+29
9.899899899899900e-01	2.719862931528606e+29
9.909909909909910e-01	2.724876671698705e+29
9.919919919919920e-01	2.729890462579317e+29
9.929929929929930e-01	2.734904309968230e+29
9.939939939939940e-01	2.739918219622601e+29
9.949949949949950e-01	2.744932197259245e+29
9.959959959959960e-01	2.749946248554914e+29
9.969969969969970e-01	2.754960379146569e+29
9.979979979979980e-01	2.759974594631650e+29
9.989989989989990e-01	2.764988900568331e+29
1.000000000000000e+00	2.770003302475782e+29
