0.000000000000000e+00	1.000000000000000e+20
1.001001001001001e-03	1.028904639273357e+20
2.002002002002002e-03	1.061418374389325e+20
3.003003003003003e-03	1.098306862373277e+20
4.004004004004004e-03	1.140562447547308e+20
5.005005005005005e-03	1.189490069924197e+20
6.006006006006006e-03	1.246832440837974e+20
7.007007007007007e-03	1.314955105415686e+20
8.008008008008008e-03	1.397123119345867e+20
9.009009009009009e-03	1.497919207886932e+20
1.001001001001001e-02	1.623878664048392e+20
1.101101101101101e-02	1.784451932940924e+20
1.201201201201201e-02	1.993448489648758e+20
1.301301301301301e-02	2.271156516327587e+20
1.401401401401401e-02	2.647352765629481e+20
1.501501501501501e-02	3.165373383508470e+20
1.601601601601602e-02	3.887175502025587e+20
1.701701701701702e-02	4.898648798468597e+20
1.801801801801802e-02	6.313643851926600e+20
1.901901901901902e-02	8.276462944496060e+20
2.002002002002002e-02	1.096772629201216e+21
2.102102102102102e-02	1.462276127233967e+21
2.202202202202202e-02	1.956822769388536e+21
2.302302302302302e-02	2.627663003092019e+21
2.402402402402402e-02	3.543853535831131e+21
2.502502502502502e-02	4.805692063630008e+21
2.602602602602603e-02	6.557278215388369e+21
2.702702702702703e-02	9.003667897875039e+21
2.802802802802803e-02	1.243489987173628e+22
2.902902902902903e-02	1.726042878221846e+22
3.003003003003003e-02	2.405948641011043e+22
3.103103103103103e-02	3.365591085819171e+22
3.203203203203203e-02	4.723053102460596e+22
3.303303303303303e-02	6.649134735930253e+22
3.403403403403403e-02	9.393342717792478e+22
3.503503503503504e-02	1.332397975850188e+23
3.603603603603604e-02	1.899070440776654e+23
3.703703703703703e-02	2.722342647168830e+23
3.803803803803804e-02	3.929085008644053e+23
3.903903903903904e-02	5.715849653097839e+23
4.004004004004004e-02	8.391547342937889e+23
4.104104104104104e-02	1.244926659867357e+24
4.204204204204204e-02	1.868940891978177e+24
4.304304304304304e-02	2.843508543377242e+24
4.404404404404404e-02	4.391716285922611e+24
4.504504504504504e-02	6.897894046131722e+24
4.604604604604605e-02	1.103991307345285e+25
4.704704704704705e-02	1.804457674999037e+25
4.804804804804805e-02	3.019587965224733e+25
4.904904904904905e-02	5.188093226649133e+25
5.005005005005005e-02	9.182332189021914e+25
5.105105105105105e-02	1.680514944961470e+26
5.205205205205205e-02	3.194663939175189e+26
5.305305305305305e-02	6.324960658915608e+26
5.405405405405406e-02	1.242859631688837e+27
5.505505505505506e-02	2.133799936235556e+27
5.605605605605606e-02	3.132485061026740e+27
5.705705705705705e-02	4.135383932255582e+27
5.805805805805805e-02	5.108372749799900e+27
5.905905905905906e-02	6.043534237281895e+27
6.006006006006006e-02	6.941300615530151e+27
6.106106106106106e-02	7.804538009896245e+27
6.206206206206206e-02	8.636597009301871e+27
6.306306306306306e-02	9.440676383794902e+27
6.406406406406406e-02	1.021963935639930e+28
6.506506506506507e-02	1.097598855084772e+28
6.606606606606606e-02	1.171189420111808e+28
6.706706706706707e-02	1.242923672149669e+28
6.806806806806806e-02	1.312964944707924e+28
6.906906906906907e-02	1.381455684980686e+28
7.007007007007007e-02	1.448520713306439e+28
7.107107107107107e-02	1.514269946703276e+28
7.207207207207207e-02	1.578800656350181e+28
7.307307307307308e-02	1.642199334772131e+28
7.407407407407407e-02	1.704543242758180e+28
7.507507507507508e-02	1.765901694040503e+28
7.607607607607608e-02	1.826337127658739e+28
7.707707707707707e-02	1.885906006248440e+28
7.807807807807808e-02	1.944659571856412e+28
7.907907907907907e-02	2.002644487216174e+28
8.008008008008008e-02	2.059903380364735e+28
8.108108108108109e-02	2.116475310015894e+28
8.208208208208208e-02	2.172396165176603e+28
8.308308308308308e-02	2.227699009755117e+28
8.408408408408408e-02	2.282414380982302e+28
8.508508508508508e-02	2.336570548902578e+28
8.608608608608609e-02	2.390193742891008e+28
8.708708708708708e-02	2.443308350152963e+28
8.808808808808809e-02	2.495937090350653e+28
8.908908908908909e-02	2.548101169121419e+28
9.009009009009009e-02	2.599820414910337e+28
9.109109109109109e-02	2.651113400267451e+28
9.209209209209210e-02	2.701997546880911e+28
9.309309309309309e-02	2.752489226669556e+28
9.409409409409410e-02	2.802603843783229e+28
9.509509509509509e-02	2.852355912489607e+28
9.609609609609610e-02	2.901759130112762e+28
9.709709709709710e-02	2.950826434925916e+28
9.809809809809809e-02	2.999570066682727e+28
9.909909909909910e-02	3.048001616327392e+28
1.001001001001001e-01	3.096132072388603e+28
1.011011011011011e-01	3.143971864867249e+28
1.021021021021021e-01	3.191530902343638e+28
1.031031031031031e-01	3.238818608368428e+28
1.041041041041041e-01	3.285843953413168e+28
1.051051051051051e-01	3.332615484292272e+28
1.061061061061061e-01	3.379141351833262e+28
1.071071071071071e-01	3.425429335367681e+28
1.081081081081081e-01	3.471486866021326e+28
1.091091091091091e-01	3.517321047848595e+28
1.101101101101101e-01	3.562938677322036e+28
1.111111111111111e-01	3.608346261604611e+28
1.121121121121121e-01	3.653550035148599e+28
1.131131131131131e-01	3.698555975318762e+28
1.141141141141141e-01	3.743369816801273e+28
1.151151151151151e-01	3.787997064995652e+28
1.161161161161161e-01	3.832443008606700e+28
1.171171171171171e-01	3.876712731018931e+28
1.181181181181181e-01	3.920811120996566e+28
1.191191191191191e-01	3.964742882815126e+28
1.201201201201201e-01	4.008512546935135e+28
1.211211211211211e-01	4.052124477322593e+28
1.221221221221221e-01	4.095582879711305e+28
1.231231231231231e-01	4.138891809269978e+28
1.241241241241241e-01	4.182055180118765e+28
1.251251251251251e-01	4.225076769961938e+28
1.261261261261261e-01	4.267960226530911e+28
1.271271271271271e-01	4.310709073631574e+28
1.281281281281281e-01	4.353326718300005e+28
1.291291291291291e-01	4.395816454970197e+28
1.301301301301301e-01	4.438181470332722e+28
1.311311311311311e-01	4.480424848175582e+28
1.321321321321321e-01	4.522549574530963e+28
1.331331331331331e-01	4.564558541520945e+28
1.341341341341341e-01	4.606454551140184e+28
1.351351351351351e-01	4.648240319115590e+28
1.361361361361361e-01	4.689918478783951e+28
1.371371371371371e-01	4.731491584399469e+28
1.381381381381381e-01	4.772962114162789e+28
1.391391391391391e-01	4.814332473328913e+28
1.401401401401401e-01	4.855604997232816e+28
1.411411411411412e-01	4.896781954061470e+28
1.421421421421421e-01	4.937865547319309e+28
1.431431431431431e-01	4.978857918358708e+28
1.441441441441441e-01	5.019761148791835e+28
1.451451451451451e-01	5.060577262790576e+28
1.461461461461462e-01	5.101308229127228e+28
1.471471471471471e-01	5.141955963246688e+28
1.481481481481481e-01	5.182522329229881e+28
1.491491491491491e-01	5.223009141694875e+28
1.501501501501502e-01	5.263418167502982e+28
1.511511511511512e-01	5.303751127467444e+28
1.521521521521522e-01	5.344009697975133e+28
1.531531531531531e-01	5.384195512565212e+28
1.541541541541541e-01	5.424310163362961e+28
1.551551551551552e-01	5.464355202500971e+28
1.561561561561562e-01	5.504332143472047e+28
1.571571571571572e-01	5.544242462444431e+28
1.581581581581581e-01	5.584087599477120e+28
1.591591591591592e-01	5.623868959709673e+28
1.601601601601602e-01	5.663587914505214e+28
1.611611611611612e-01	5.703245802582121e+28
1.621621621621622e-01	5.742843931001051e+28
1.631631631631631e-01	5.782383576173586e+28
1.641641641641642e-01	5.821865984820476e+28
1.651651651651652e-01	5.861292374880121e+28
1.661661661661662e-01	5.900663936372636e+28
1.671671671671672e-01	5.939981832248593e+28
1.681681681681682e-01	5.979247199659546e+28
1.691691691691692e-01	6.018461150284545e+28
1.701701701701702e-01	6.057624771043558e+28
1.711711711711712e-01	6.096739124907328e+28
1.721721721721722e-01	6.135805251564410e+28
1.731731731731732e-01	6.174824168047267e+28
1.741741741741742e-01	6.213796869325552e+28
1.751751751751752e-01	6.252724329762066e+28
1.761761761761762e-01	6.291607503219847e+28
1.771771771771772e-01	6.330447323148179e+28
1.781781781781782e-01	6.369244703469219e+28
1.791791791791792e-01	6.408000539094093e+28
1.801801801801802e-01	6.446715706409167e+28
1.811811811811812e-01	6.485391063730608e+28
1.821821821821822e-01	6.524027452228785e+28
1.831831831831832e-01	6.562625696498077e+28
1.841841841841842e-01	6.601186604247952e+28
1.851851851851852e-01	6.639710967100364e+28
1.861861861861862e-01	6.678199561003093e+28
1.871871871871872e-01	6.716653146622677e+28
1.881881881881882e-01	6.755072469717333e+28
1.891891891891892e-01	6.793458261644520e+28
1.901901901901902e-01	6.831811239970389e+28
1.911911911911912e-01	6.870132108333155e+28
1.921921921921922e-01	6.908421556974224e+28
1.931931931931932e-01	6.946680263080568e+28
1.941941941941942e-01	6.984908891102483e+28
1.951951951951952e-01	7.023108093058041e+28
1.961961961961962e-01	7.061278508865511e+28
1.971971971971972e-01	7.099420766807343e+28
1.981981981981982e-01	7.137535483569620e+28
1.991991991991992e-01	7.175623264583265e+28
2.002002002002002e-01	7.213684704307920e+28
2.012012012012012e-01	7.251720386489314e+28
2.022022022022022e-01	7.289730884407165e+28
2.032032032032032e-01	7.327716761123526e+28
2.042042042042042e-01	7.365678569821413e+28
2.052052052052052e-01	7.403616853923011e+28
2.062062062062062e-01	7.441532147321159e+28
2.072072072072072e-01	7.479424974614609e+28
2.082082082082082e-01	7.517295851317944e+28
2.092092092092092e-01	7.555145284064613e+28
2.102102102102102e-01	7.592973770804486e+28
2.112112112112112e-01	7.630781801046493e+28
2.122122122122122e-01	7.668569856009542e+28
2.132132132132132e-01	7.706338408788928e+28
2.142142142142142e-01	7.744087924549717e+28
2.152152152152152e-01	7.781818860699110e+28
2.162162162162162e-01	7.819531667053620e+28
2.172172172172172e-01	7.857226786001113e+28
2.182182182182182e-01	7.894904652680096e+28
2.192192192192192e-01	7.932565695131198e+28
2.202202202202202e-01	7.970210334425044e+28
2.212212212212212e-01	8.007838984821186e+28
2.222222222222222e-01	8.045452053910549e+28
2.232232232232232e-01	8.083049942753874e+28
2.242242242242242e-01	8.120633046016151e+28
2.252252252252252e-01	8.158201752106011e+28
2.262262262262262e-01	8.195756443312423e+28
2.272272272272272e-01	8.233297495908366e+28
2.282282282282282e-01	8.270825280281642e+28
2.292292292292292e-01	8.308340161053737e+28
2.302302302302302e-01	8.345842497195272e+28
2.312312312312312e-01	8.383332642138329e+28
2.322322322322322e-01	8.420810943888711e+28
2.332332332332332e-01	8.458277745141689e+28
2.342342342342342e-01	8.495733383372817e+28
2.352352352352352e-01	8.533178190944236e+28
2.362362362362362e-01	8.570612495204723e+28
2.372372372372372e-01	8.608036618586574e+28
2.382382382382382e-01	8.645450878700005e+28
2.392392392392392e-01	8.682855588428110e+28
2.402402402402402e-01	8.720251056035427e+28
2.412412412412412e-01	8.757637585225870e+28
2.422422422422423e-01	8.795015475235400e+28
2.432432432432432e-01	8.832385020918682e+28
2.442442442442442e-01	8.869746512830166e+28
2.452452452452452e-01	8.907100237302977e+28
2.462462462462462e-01	8.944446476525607e+28
2.472472472472473e-01	8.981785508616409e+28
2.482482482482483e-01	9.019117607695863e+28
2.492492492492492e-01	9.056443043956613e+28
2.502502502502503e-01	9.093762083731221e+28
2.512512512512513e-01	9.131074989557594e+28
2.522522522522522e-01	9.168382020378702e+28
2.532532532532533e-01	9.205683431585810e+28
2.542542542542542e-01	9.242979474867470e+28
2.552552552552553e-01	9.280270398396477e+28
2.562562562562563e-01	9.317556446890414e+28
2.572572572572572e-01	9.354837861669954e+28
2.582582582582583e-01	9.392114880715203e+28
2.592592592592592e-01	9.429387738720028e+28
2.602602602602603e-01	9.466656667144347e+28
2.612612612612613e-01	9.503921894264225e+28
2.622622622622622e-01	9.541183645219759e+28
2.632632632632633e-01	9.578442142060594e+28
2.642642642642642e-01	9.615697603843269e+28
2.652652652652653e-01	9.652950247101655e+28
2.662662662662663e-01	9.690200285256334e+28
2.672672672672672e-01	9.727447928789559e+28
2.682682682682683e-01	9.764693385376892e+28
2.692692692692693e-01	9.801936859932258e+28
2.702702702702703e-01	9.839178554651635e+28
2.712712712712713e-01	9.876418669055255e+28
2.722722722722722e-01	9.913657400028358e+28
2.732732732732733e-01	9.950894941860378e+28
2.742742742742743e-01	9.988131486282531e+28
2.752752752752753e-01	1.002536722250372e+29
2.762762762762763e-01	1.006260233724469e+29
2.772772772772773e-01	1.009983701497138e+29
2.782782782782783e-01	1.013707143794513e+29
2.792792792792793e-01	1.017430578587507e+29
2.802802802802803e-01	1.021154023616479e+29
2.812812812812813e-01	1.024877496394998e+29
2.822822822822823e-01	1.028601014213332e+29
2.832832832832833e-01	1.032324594141835e+29
2.842842842842843e-01	1.036048253034251e+29
2.852852852852853e-01	1.039772007530909e+29
2.862862862862863e-01	1.043495874061828e+29
2.872872872872873e-01	1.047219868849715e+29
2.882882882882883e-01	1.050944007912860e+29
2.892892892892893e-01	1.054668307069592e+29
2.902902902902903e-01	1.058392781957458e+29
2.912912912912913e-01	1.062117448012976e+29
2.922922922922923e-01	1.065842320478078e+29
2.932932932932933e-01	1.069567414406620e+29
2.942942942942943e-01	1.073292744667184e+29
2.952952952952953e-01	1.077018325945799e+29
2.962962962962963e-01	1.080744172748610e+29
2.972972972972973e-01	1.084470299404477e+29
2.982982982982983e-01	1.088196720067511e+29
2.992992992992993e-01	1.091923448719547e+29
3.003003003003003e-01	1.095650499172540e+29
3.013013013013013e-01	1.099377885070907e+29
3.023023023023023e-01	1.103105619898158e+29
3.033033033033033e-01	1.106833716980628e+29
3.043043043043043e-01	1.110562189479786e+29
3.053053053053053e-01	1.114291050399687e+29
3.063063063063063e-01	1.118020312589315e+29
3.073073073073073e-01	1.121749988744779e+29
3.083083083083083e-01	1.125480091411472e+29
3.093093093093093e-01	1.129210632986184e+29
3.103103103103103e-01	1.132941625719161e+29
3.113113113113113e-01	1.136673081716126e+29
3.123123123123123e-01	1.140405012940256e+29
3.133133133133133e-01	1.144137431214100e+29
3.143143143143143e-01	1.147870348221808e+29
3.153153153153153e-01	1.151603775515301e+29
3.163163163163163e-01	1.155337724510393e+29
3.173173173173173e-01	1.159072206489208e+29
3.183183183183183e-01	1.162807232603074e+29
3.193193193193193e-01	1.166542813874320e+29
3.203203203203203e-01	1.170278961198027e+29
3.213213213213213e-01	1.174015685343752e+29
3.223223223223223e-01	1.177752996957216e+29
3.233233233233233e-01	1.181490906561962e+29
3.243243243243243e-01	1.185229424560975e+29
3.253253253253253e-01	1.188968561238276e+29
3.263263263263263e-01	1.192708326760473e+29
3.273273273273273e-01	1.196448731179394e+29
3.283283283283283e-01	1.200189784434279e+29
3.293293293293293e-01	1.203931496350295e+29
3.303303303303303e-01	1.207673876641489e+29
3.313313313313313e-01	1.211416934912294e+29
3.323323323323323e-01	1.215160680658971e+29
3.333333333333333e-01	1.218905123271021e+29
3.343343343343343e-01	1.222650272032571e+29
3.353353353353353e-01	1.226396136123744e+29
3.363363363363363e-01	1.230142724621994e+29
3.373373373373373e-01	1.233890046503422e+29
3.383383383383383e-01	1.237638110644064e+29
3.393393393393394e-01	1.241386925821235e+29
3.403403403403403e-01	1.245136500716002e+29
3.413413413413414e-01	1.248886843912887e+29
3.423423423423423e-01	1.252637963901144e+29
3.433433433433433e-01	1.256389869076308e+29
3.443443443443444e-01	1.260142567741378e+29
3.453453453453453e-01	1.263896068107993e+29
3.463463463463464e-01	1.267650378297573e+29
3.473473473473473e-01	1.271405506342450e+29
3.483483483483483e-01	1.275161460186981e+29
3.493493493493494e-01	1.278918247688636e+29
3.503503503503503e-01	1.282675876619071e+29
3.513513513513514e-01	1.286434354665182e+29
3.523523523523523e-01	1.290193689430470e+29
3.533533533533533e-01	1.293953888436372e+29
3.543543543543544e-01	1.297714959122235e+29
3.553553553553553e-01	1.301476908846797e+29
3.563563563563564e-01	1.305239744889199e+29
3.573573573573574e-01	1.309003474449955e+29
3.583583583583583e-01	1.312768104651908e+29
3.593593593593594e-01	1.316533642541170e+29
3.603603603603603e-01	1.320300095088050e+29
3.613613613613614e-01	1.324067469187964e+29
3.623623623623624e-01	1.327835771662332e+29
3.633633633633633e-01	1.331605009259460e+29
3.643643643643644e-01	1.335375188655430e+29
3.653653653653653e-01	1.339146316455377e+29
3.663663663663664e-01	1.342918399193846e+29
3.673673673673674e-01	1.346691443335593e+29
3.683683683683684e-01	1.350465455276551e+29
3.693693693693694e-01	1.354240441344642e+29
3.703703703703703e-01	1.358016407800578e+29
3.713713713713714e-01	1.361793360838646e+29
3.723723723723724e-01	1.365571306587490e+29
3.733733733733734e-01	1.369350251110874e+29
3.743743743743744e-01	1.373130200408437e+29
3.753753753753754e-01	1.376911160416433e+29
3.763763763763764e-01	1.380693137008464e+29
3.773773773773774e-01	1.384476135996559e+29
3.783783783783784e-01	1.388260163132224e+29
3.793793793793794e-01	1.392045224105777e+29
3.803803803803804e-01	1.395831324547708e+29
3.813813813813814e-01	1.399618470029402e+29
3.823823823823824e-01	1.403406666063808e+29
3.833833833833834e-01	1.407195918106099e+29
3.843843843843844e-01	1.410986231554320e+29
3.853853853853854e-01	1.414777611750030e+29
3.863863863863864e-01	1.418570063978927e+29
3.873873873873874e-01	1.422363593471471e+29
3.883883883883884e-01	1.426158205403488e+29
3.893893893893894e-01	1.429953904896765e+29
3.903903903903904e-01	1.433750697019645e+29
3.913913913913914e-01	1.437548586787594e+29
3.923923923923924e-01	1.441347579163771e+29
3.933933933933934e-01	1.445147679059584e+29
3.943943943943944e-01	1.448948891335228e+29
3.953953953953954e-01	1.452751220800224e+29
3.963963963963964e-01	1.456554672213937e+29
3.973973973973974e-01	1.460359250286088e+29
3.983983983983984e-01	1.464164959677249e+29
3.993993993993994e-01	1.467971805002629e+29
4.004004004004004e-01	1.471779790837504e+29
4.014014014014014e-01	1.475588921702319e+29
4.024024024024024e-01	1.479399202070195e+29
4.034034034034034e-01	1.483210636368041e+29
4.044044044044044e-01	1.487023228977032e+29
4.054054054054054e-01	1.490836984233093e+29
4.064064064064064e-01	1.494651906427364e+29
4.074074074074074e-01	1.498467999806658e+29
4.084084084084084e-01	1.502285268573914e+29
4.094094094094094e-01	1.506103716888632e+29
4.104104104104104e-01	1.509923348867309e+29
4.114114114114114e-01	1.513744168583855e+29
4.124124124124124e-01	1.517566180070004e+29
4.134134134134134e-01	1.521389387315715e+29
4.144144144144144e-01	1.525213794269563e+29
4.154154154154154e-01	1.529039404839112e+29
4.164164164164164e-01	1.532866222891286e+29
4.174174174174174e-01	1.536694252252724e+29
4.184184184184184e-01	1.540523496710120e+29
4.194194194194194e-01	1.544353960010561e+29
4.204204204204204e-01	1.548185645861837e+29
4.214214214214214e-01	1.552018557938794e+29
4.224224224224224e-01	1.555852699896768e+29
4.234234234234234e-01	1.559688075337504e+29
4.244244244244244e-01	1.563524687823982e+29
4.254254254254254e-01	1.567362540882608e+29
4.264264264264264e-01	1.571201638003577e+29
4.274274274274274e-01	1.575041982641241e+29
4.284284284284284e-01	1.578883578214451e+29
4.294294294294294e-01	1.582726428106910e+29
4.304304304304304e-01	1.586570535667509e+29
4.314314314314314e-01	1.590415904210659e+29
4.324324324324325e-01	1.594262537016616e+29
4.334334334334334e-01	1.598110437331800e+29
4.344344344344344e-01	1.601959608369104e+29
4.354354354354354e-01	1.605810053308195e+29
4.364364364364364e-01	1.609661775295812e+29
4.374374374374375e-01	1.613514777446052e+29
4.384384384384384e-01	1.617369062840644e+29
4.394394394394394e-01	1.621224634529224e+29
4.404404404404405e-01	1.625081495529598e+29
4.414414414414414e-01	1.628939648827986e+29
4.424424424424425e-01	1.632799097379272e+29
4.434434434434434e-01	1.636659844111139e+29
4.444444444444444e-01	1.640521891936076e+29
4.454454454454455e-01	1.644385243724513e+29
4.464464464464464e-01	1.648249902315485e+29
4.474474474474475e-01	1.652115870518785e+29
4.484484484484484e-01	1.655983151115242e+29
4.494494494494494e-01	1.659851746857002e+29
4.504504504504505e-01	1.663721660467803e+29
4.514514514514514e-01	1.667592894643244e+29
4.524524524524525e-01	1.671465452051050e+29
4.534534534534534e-01	1.675339335331336e+29
4.544544544544544e-01	1.679214547096858e+29
4.554554554554555e-01	1.683091089933274e+29
4.564564564564564e-01	1.686968966399381e+29
4.574574574574575e-01	1.690848179027369e+29
4.584584584584585e-01	1.694728730323050e+29
4.594594594594594e-01	1.698610622766092e+29
4.604604604604605e-01	1.702493858810254e+29
4.614614614614614e-01	1.706378440883601e+29
4.624624624624625e-01	1.710264371388727e+29
4.634634634634635e-01	1.714151652702962e+29
4.644644644644644e-01	1.718040287178588e+29
4.654654654654655e-01	1.721930277144597e+29
4.664664664664664e-01	1.725821624913317e+29
4.674674674674675e-01	1.729714332767295e+29
4.684684684684685e-01	1.733608402964093e+29
4.694694694694695e-01	1.737503837737671e+29
4.704704704704705e-01	1.741400639298605e+29
4.714714714714714e-01	1.745298809834308e+29
4.724724724724725e-01	1.749198351509245e+29
4.734734734734735e-01	1.753099266465143e+29
4.744744744744745e-01	1.757001556821205e+29
4.754754754754755e-01	1.760905224674313e+29
4.764764764764765e-01	1.764810272099235e+29
4.774774774774775e-01	1.768716701148821e+29
4.784784784784785e-01	1.772624513854202e+29
4.794794794794795e-01	1.776533712224989e+29
4.804804804804805e-01	1.780444298249457e+29
4.814814814814815e-01	1.784356273894740e+29
4.824824824824825e-01	1.788269641107012e+29
4.834834834834835e-01	1.792184401811669e+29
4.844844844844845e-01	1.796100557913509e+29
4.854854854854855e-01	1.800018111296908e+29
4.864864864864865e-01	1.803937063825988e+29
4.874874874874875e-01	1.807857417345396e+29
4.884884884884885e-01	1.811779173683790e+29
4.894894894894895e-01	1.815702334647697e+29
4.904904904904905e-01	1.819626902023576e+29
4.914914914914915e-01	1.823552877578681e+29
4.924924924924925e-01	1.827480263061239e+29
4.934934934934935e-01	1.831409060200616e+29
4.944944944944945e-01	1.835339270707495e+29
4.954954954954955e-01	1.839270896274036e+29
4.964964964964965e-01	1.843203938574051e+29
4.974974974974975e-01	1.847138399263159e+29
4.984984984984985e-01	1.851074279978955e+29
4.994994994994995e-01	1.855011582341168e+29
5.005005005005005e-01	1.858950307951814e+29
5.015015015015015e-01	1.862890458395358e+29
5.025025025025025e-01	1.866832035238864e+29
5.035035035035035e-01	1.870775040032146e+29
5.045045045045045e-01	1.874719474307921e+29
5.055055055055055e-01	1.878665339581950e+29
5.065065065065065e-01	1.882612637353186e+29
5.075075075075075e-01	1.886561369103917e+29
5.085085085085085e-01	1.890511536299906e+29
5.095095095095095e-01	1.894463140390776e+29
5.105105105105106e-01	1.898416182811996e+29
5.115115115115115e-01	1.902370664981779e+29
5.125125125125125e-01	1.906326588302028e+29
5.135135135135135e-01	1.910283954158912e+29
5.145145145145145e-01	1.914242763923007e+29
5.155155155155156e-01	1.918203018949431e+29
5.165165165165165e-01	1.922164720577983e+29
5.175175175175175e-01	1.926127870133275e+29
5.185185185185185e-01	1.930092468924865e+29
5.195195195195195e-01	1.934058518247388e+29
5.205205205205206e-01	1.938026019380690e+29
5.215215215215215e-01	1.941994973589947e+29
5.225225225225225e-01	1.945965382125801e+29
5.235235235235235e-01	1.949937246224481e+29
5.245245245245245e-01	1.953910567107926e+29
5.255255255255256e-01	1.957885345983908e+29
5.265265265265265e-01	1.961861584046154e+29
5.275275275275275e-01	1.965839282474463e+29
5.285285285285285e-01	1.969818442434826e+29
5.295295295295295e-01	1.973799065079538e+29
5.305305305305306e-01	1.977781151547317e+29
5.315315315315315e-01	1.981764702963510e+29
5.325325325325325e-01	1.985749720441196e+29
5.335335335335335e-01	1.989736205079692e+29
5.345345345345345e-01	1.993724157964966e+29
5.355355355355356e-01	1.997713580170023e+29
5.365365365365365e-01	2.001704472755011e+29
5.375375375375375e-01	2.005696836767336e+29
5.385385385385385e-01	2.009690673241770e+29
5.395395395395395e-01	2.013685983200559e+29
5.405405405405406e-01	2.017682767653529e+29
5.415415415415415e-01	2.021681027598190e+29
5.425425425425425e-01	2.025680764019847e+29
5.435435435435435e-01	2.029681977891698e+29
5.445445445445445e-01	2.033684670174936e+29
5.455455455455456e-01	2.037688841818855e+29
5.465465465465466e-01	2.041694493760945e+29
5.475475475475475e-01	2.045701626926993e+29
5.485485485485485e-01	2.049710242231184e+29
5.495495495495496e-01	2.053720340576192e+29
5.505505505505506e-01	2.057731922853280e+29
5.515515515515516e-01	2.061744989942393e+29
5.525525525525525e-01	2.065759542712251e+29
5.535535535535535e-01	2.069775582020482e+29
5.545545545545546e-01	2.073793108714255e+29
5.555555555555556e-01	2.077812123629554e+29
5.565565565565566e-01	2.081832627591360e+29
5.575575575575575e-01	2.085854621413915e+29
5.585585585585585e-01	2.089878105900812e+29
5.595595595595596e-01	2.093903081845086e+29
5.605605605605606e-01	2.097929550029300e+29
5.615615615615616e-01	2.101957511225634e+29
5.625625625625625e-01	2.105986966195970e+29
5.635635635635635e-01	2.110017915691983e+29
5.645645645645646e-01	2.114050360455219e+29
5.655655655655656e-01	2.118084301217181e+29
5.665665665665666e-01	2.122119738699417e+29
5.675675675675675e-01	2.126156673613596e+29
5.685685685685685e-01	2.130195106661595e+29
5.695695695695696e-01	2.134235038535576e+29
5.705705705705706e-01	2.138276469918064e+29
5.715715715715716e-01	2.142319401482033e+29
5.725725725725725e-01	2.146363833890979e+29
5.735735735735735e-01	2.150409767798997e+29
5.745745745745746e-01	2.154457203850861e+29
5.755755755755756e-01	2.158506142682110e+29
5.765765765765766e-01	2.162556584919454e+29
5.775775775775776e-01	2.166608531180390e+29
5.785785785785785e-01	2.170661982073292e+29
5.795795795795796e-01	2.174716938197603e+29
5.805805805805806e-01	2.178773400143903e+29
5.815815815815816e-01	2.182831368493989e+29
5.825825825825826e-01	2.186890843820944e+29
5.835835835835835e-01	2.190951826689207e+29
5.845845845845846e-01	2.195014317654648e+29
5.855855855855856e-01	2.199078317264633e+29
5.865865865865866e-01	2.203143826058096e+29
5.875875875875876e-01	2.207210844565611e+29
5.885885885885885e-01	2.211279373309454e+29
5.895895895895896e-01	2.215349412803674e+29
5.905905905905906e-01	2.219420963554160e+29
5.915915915915916e-01	2.223494026058706e+29
5.925925925925926e-01	2.227568600807079e+29
5.935935935935935e-01	2.231644688281078e+29
5.945945945945946e-01	2.235722288954606e+29
5.955955955955956e-01	2.239801403293728e+29
5.965965965965966e-01	2.243882031756735e+29
5.975975975975976e-01	2.247964174794215e+29
5.985985985985985e-01	2.252047832849293e+29
5.995995995995996e-01	2.256133006357464e+29
6.006006006006006e-01	2.260219695746626e+29
6.016016016016016e-01	2.264307901437222e+29
6.026026026026026e-01	2.268397623842300e+29
6.036036036036035e-01	2.272488863367572e+29
6.046046046046046e-01	2.276581620411473e+29
6.056056056056056e-01	2.280675895365220e+29
6.066066066066066e-01	2.284771688612871e+29
6.076076076076076e-01	2.288869000531381e+29
6.086086086086087e-01	2.292967831490665e+29
6.096096096096096e-01	2.297068181853642e+29
6.106106106106106e-01	2.301170051976306e+29
6.116116116116116e-01	2.305273442207773e+29
6.126126126126126e-01	2.309378352890335e+29
6.136136136136137e-01	2.313484784359521e+29
6.146146146146146e-01	2.317592736944145e+29
6.156156156156156e-01	2.321702210966363e+29
6.166166166166166e-01	2.325813206741725e+29
6.176176176176176e-01	2.329925724579230e+29
6.186186186186187e-01	2.334039764781372e+29
6.196196196196196e-01	2.338155327644205e+29
6.206206206206206e-01	2.342272413457770e+29
6.216216216216216e-01	2.346391022505667e+29
6.226226226226226e-01	2.350511155064990e+29
6.236236236236237e-01	2.354632811406597e+29
6.246246246246246e-01	2.358755991795153e+29
6.256256256256256e-01	2.362880696489183e+29
6.266266266266266e-01	2.367006925741115e+29
6.276276276276276e-01	2.371134679797338e+29
6.286286286286287e-01	2.375263958898241e+29
6.296296296296297e-01	2.379394763278261e+29
6.306306306306306e-01	2.383527093165935e+29
6.316316316316316e-01	2.387660948783942e+29
6.326326326326326e-01	2.391796330349152e+29
6.336336336336337e-01	2.395933238072666e+29
6.346346346346347e-01	2.400071672159868e+29
6.356356356356356e-01	2.404211632810464e+29
6.366366366366366e-01	2.408353120218529e+29
6.376376376376376e-01	2.412496134572548e+29
6.386386386386387e-01	2.416640676055463e+29
6.396396396396397e-01	2.420786744844711e+29
6.406406406406406e-01	2.424934341112269e+29
6.416416416416416e-01	2.429083465024697e+29
6.426426426426426e-01	2.433234116743175e+29
6.436436436436437e-01	2.437386296423547e+29
6.446446446446447e-01	2.441540004216359e+29
6.456456456456456e-01	2.445695240266902e+29
6.466466466466466e-01	2.449852004715247e+29
6.476476476476476e-01	2.454010297696289e+29
6.486486486486487e-01	2.458170119339779e+29
6.496496496496497e-01	2.462331469770368e+29
6.506506506506506e-01	2.466494349107639e+29
6.516516516516516e-01	2.470658757466148e+29
6.526526526526526e-01	2.474824694955459e+29
6.536536536536537e-01	2.478992161680177e+29
6.546546546546547e-01	2.483161157739987e+29
6.556556556556556e-01	2.487331683229687e+29
6.566566566566566e-01	2.491503738239224e+29
6.576576576576576e-01	2.495677322853722e+29
6.586586586586587e-01	2.499852437153524e+29
6.596596596596597e-01	2.504029081216632e+29
6.606606606606606e-01	2.508207255118805e+29
6.616616616616616e-01	2.512386958927320e+29
6.626626626626626e-01	2.516568192704794e+29
6.636636636636637e-01	2.520750956509305e+29
6.646646646646647e-01	2.524935250394424e+29
6.656656656656657e-01	2.529121074409249e+29
6.666666666666666e-01	2.533308428598443e+29
6.676676676676676e-01	2.537497313002262e+29
6.686686686686687e-01	2.541687727656594e+29
6.696696696696697e-01	2.545879672592985e+29
6.706706706706707e-01	2.550073147838677e+29
6.716716716716716e-01	2.554268153416637e+29
6.726726726726726e-01	2.558464689345588e+29
6.736736736736737e-01	2.562662755640044e+29
6.746746746746747e-01	2.566862352310332e+29
6.756756756756757e-01	2.571063479362633e+29
6.766766766766766e-01	2.575266136799004e+29
6.776776776776777e-01	2.579470324617409e+29
6.786786786786787e-01	2.583676042811750e+29
6.796796796796797e-01	2.587883291371891e+29
6.806806806806807e-01	2.592092070283692e+29
6.816816816816816e-01	2.596302379529030e+29
6.826826826826827e-01	2.600514219085829e+29
6.836836836836837e-01	2.604727588928088e+29
6.846846846846847e-01	2.608942489025901e+29
6.856856856856857e-01	2.613158919345491e+29
6.866866866866866e-01	2.617376879849227e+29
6.876876876876877e-01	2.621596370495654e+29
6.886886886886887e-01	2.625817391239511e+29
6.896896896896897e-01	2.630039942031760e+29
6.906906906906907e-01	2.634264022819605e+29
6.916916916916916e-01	2.638489633546517e+29
6.926926926926927e-01	2.642716774152253e+29
6.936936936936937e-01	2.646945444572876e+29
6.946946946946947e-01	2.651175644740780e+29
6.956956956956957e-01	2.655407374584707e+29
6.966966966966966e-01	2.659640634029762e+29
6.976976976976977e-01	2.663875422997441e+29
6.986986986986987e-01	2.668111741407764e+29
6.996996996996997e-01	2.672349589187148e+29
7.007007007007007e-01	2.676588966250132e+29
7.017017017017017e-01	2.680829872506317e+29
7.027027027027027e-01	2.685072307861962e+29
7.037037037037037e-01	2.689316272220011e+29
7.047047047047047e-01	2.693561765480122e+29
7.057057057057057e-01	2.697808787538686e+29
7.067067067067067e-01	2.702057338288858e+29
7.077077077077077e-01	2.706307417620574e+29
7.087087087087087e-01	2.710559025420579e+29
7.097097097097097e-01	2.714812161572452e+29
7.107107107107107e-01	2.719066825956626e+29
7.117117117117117e-01	2.723323018450411e+29
7.127127127127127e-01	2.727580738928021e+29
7.137137137137137e-01	2.731839987260589e+29
7.147147147147147e-01	2.736100763316197e+29
7.157157157157157e-01	2.740363066959891e+29
7.167167167167167e-01	2.744626898053708e+29
7.177177177177178e-01	2.748892256456693e+29
7.187187187187187e-01	2.753159142024919e+29
7.197197197197197e-01	2.757427554611513e+29
7.207207207207207e-01	2.761697494066670e+29
7.217217217217217e-01	2.765968960237677e+29
7.227227227227228e-01	2.770241952968928e+29
7.237237237237237e-01	2.774516472101946e+29
7.247247247247247e-01	2.778792517475401e+29
7.257257257257257e-01	2.783070088925130e+29
7.267267267267267e-01	2.787349186284149e+29
7.277277277277278e-01	2.791629809382678e+29
7.287287287287287e-01	2.795911958048150e+29
7.297297297297297e-01	2.800195632105235e+29
7.307307307307307e-01	2.804480831375853e+29
7.317317317317317e-01	2.808767555679188e+29
7.327327327327328e-01	2.813055804831706e+29
7.337337337337337e-01	2.817345578647167e+29
7.347347347347347e-01	2.821636876936644e+29
7.357357357357357e-01	2.825929699508535e+29
7.367367367367368e-01	2.830224046168572e+29
7.377377377377378e-01	2.834519916720131e+29
7.387387387387387e-01	2.838817310971924e+29
7.397397397397397e-01	2.843116228726832e+29
7.407407407407407e-01	2.847416669781900e+29
7.417417417417418e-01	2.851718633931723e+29
7.427427427427428e-01	2.856022120968458e+29
7.437437437437437e-01	2.860327130681851e+29
7.447447447447447e-01	2.864633662859250e+29
7.457457457457457e-01	2.868941717285624e+29
7.467467467467468e-01	2.873251293743586e+29
7.477477477477478e-01	2.877562392013404e+29
7.487487487487487e-01	2.881875011873023e+29
7.497497497497497e-01	2.886189153098083e+29
7.507507507507507e-01	2.890504815461935e+29
7.517517517517518e-01	2.894821998735660e+29
7.527527527527528e-01	2.899140702688084e+29
7.537537537537538e-01	2.903460927085796e+29
7.547547547547547e-01	2.907782671693165e+29
7.557557557557557e-01	2.912105936272356e+29
7.567567567567568e-01	2.916430720583349e+29
7.577577577577578e-01	2.920757024383949e+29
7.587587587587588e-01	2.925084847429807e+29
7.597597597597597e-01	2.929414189474435e+29
7.607607607607607e-01	2.933745050269221e+29
7.617617617617618e-01	2.938077429563445e+29
7.627627627627628e-01	2.942411327104289e+29
7.637637637637638e-01	2.946746742636862e+29
7.647647647647647e-01	2.951083675904203e+29
7.657657657657657e-01	2.955422126647307e+29
7.667667667667668e-01	2.959762094605127e+29
7.677677677677678e-01	2.964103579514600e+29
7.687687687687688e-01	2.968446581110649e+29
7.697697697697697e-01	2.972791099126209e+29
7.707707707707707e-01	2.977137133292228e+29
7.717717717717718e-01	2.981484683337689e+29
7.727727727727728e-01	2.985833748989616e+29
7.737737737737738e-01	2.990184329973094e+29
7.747747747747747e-01	2.994536426011274e+29
7.757757757757757e-01	2.998890036825389e+29
7.767767767767768e-01	3.003245162134765e+29
7.777777777777778e-01	3.007601801659273e+29
7.787787787787788e-01	3.011959955118336e+29
7.797797797797797e-01	3.016319622226513e+29
7.807807807807807e-01	3.020680802696552e+29
7.817817817817818e-01	3.025043496239421e+29
7.827827827827828e-01	3.029407702564325e+29
7.837837837837838e-01	3.033773421378722e+29
7.847847847847848e-01	3.038140652388331e+29
7.857857857857857e-01	3.042509395297153e+29
7.867867867867868e-01	3.046879649807478e+29
7.877877877877878e-01	3.051251415619903e+29
7.887887887887888e-01	3.055624692433344e+29
7.897897897897898e-01	3.059999479945050e+29
7.907907907907907e-01	3.064375777850617e+29
7.917917917917918e-01	3.068753585843998e+29
7.927927927927928e-01	3.073132903617518e+29
7.937937937937938e-01	3.077513730861889e+29
7.947947947947948e-01	3.081896067266219e+29
7.957957957957957e-01	3.086279912518027e+29
7.967967967967968e-01	3.090665266303255e+29
7.977977977977978e-01	3.095052128306279e+29
7.987987987987988e-01	3.099440498209921e+29
7.997997997997998e-01	3.103830375695468e+29
8.008008008008007e-01	3.108221760442672e+29
8.018018018018018e-01	3.112614652129772e+29
8.028028028028028e-01	3.117009050433501e+29
8.038038038038038e-01	3.121404955029097e+29
8.048048048048048e-01	3.125802365590318e+29
8.058058058058059e-01	3.130201281789450e+29
8.068068068068068e-01	3.134601703297319e+29
8.078078078078078e-01	3.139003629783304e+29
8.088088088088088e-01	3.143407060915342e+29
8.098098098098098e-01	3.147811996359948e+29
8.108108108108109e-01	3.152218435782217e+29
8.118118118118118e-01	3.156626378845839e+29
8.128128128128128e-01	3.161035825213106e+29
8.138138138138138e-01	3.165446774544927e+29
8.148148148148148e-01	3.169859226500834e+29
8.158158158158159e-01	3.174273180738993e+29
8.168168168168168e-01	3.178688636916714e+29
8.178178178178178e-01	3.183105594691641e+29
8.188188188188188e-01	3.187524053718505e+29
8.198198198198198e-01	3.191944013650535e+29
8.208208208208209e-01	3.196365474139679e+29
8.218218218218218e-01	3.200788434836608e+29
8.228228228228228e-01	3.205212895390733e+29
8.238238238238238e-01	3.209638855450211e+29
8.248248248248248e-01	3.214066314661961e+29
8.258258258258259e-01	3.218495272671664e+29
8.268268268268268e-01	3.222925729123786e+29
8.278278278278278e-01	3.227357683661580e+29
8.288288288288288e-01	3.231791135927099e+29
8.298298298298298e-01	3.236226085561205e+29
8.308308308308309e-01	3.240662532203584e+29
8.318318318318318e-01	3.245100475492745e+29
8.328328328328328e-01	3.249539915066042e+29
8.338338338338338e-01	3.253980850559675e+29
8.348348348348348e-01	3.258423281608707e+29
8.358358358358359e-01	3.262867207847066e+29
8.368368368368369e-01	3.267312628907561e+29
8.378378378378378e-01	3.271759544421886e+29
8.388388388388388e-01	3.276207954020634e+29
8.398398398398398e-01	3.280657857333304e+29
8.408408408408409e-01	3.285109253988311e+29
8.418418418418419e-01	3.289562143612992e+29
8.428428428428428e-01	3.294016525833621e+29
8.438438438438438e-01	3.298472400275410e+29
8.448448448448448e-01	3.302929766562526e+29
8.458458458458459e-01	3.307388624318096e+29
8.468468468468469e-01	3.311848973164212e+29
8.478478478478478e-01	3.316310812721946e+29
8.488488488488488e-01	3.320774142611354e+29
8.498498498498498e-01	3.325238962451487e+29
8.508508508508509e-01	3.329705271860397e+29
8.518518518518519e-01	3.334173070455146e+29
8.528528528528528e-01	3.338642357851815e+29
8.538538538538538e-01	3.343113133665511e+29
8.548548548548548e-01	3.347585397510374e+29
8.558558558558559e-01	3.352059148999650e+29
8.568568568568569e-01	3.356534387746601e+29
8.578578578578578e-01	3.361011113363040e+29
8.588588588588588e-01	3.365489325459540e+29
8.598598598598598e-01	3.369969023645759e+29
8.608608608608609e-01	3.374450207530457e+29
8.618618618618619e-01	3.378932876721497e+29
8.628628628628628e-01	3.383417030825855e+29
8.638638638638638e-01	3.387902669449634e+29
8.648648648648649e-01	3.392389792198060e+29
8.658658658658659e-01	3.396878398675503e+29
8.668668668668669e-01	3.401368488485477e+29
8.678678678678678e-01	3.405860061230649e+29
8.688688688688688e-01	3.410353116512847e+29
8.698698698698699e-01	3.414847653933070e+29
8.708708708708709e-01	3.419343673091492e+29
8.718718718718719e-01	3.423841173587473e+29
8.728728728728729e-01	3.428340155019563e+29
8.738738738738738e-01	3.432840616985515e+29
8.748748748748749e-01	3.437342559082283e+29
8.758758758758759e-01	3.441845980906040e+29
8.768768768768769e-01	3.446350882052178e+29
8.778778778778779e-01	3.450857262115319e+29
8.788788788788788e-01	3.455365120689318e+29
8.798798798798799e-01	3.459874457367277e+29
8.808808808808809e-01	3.464385271741542e+29
8.818818818818819e-01	3.468897563403722e+29
8.828828828828829e-01	3.473411331944685e+29
8.838838838838838e-01	3.477926576954572e+29
8.848848848848849e-01	3.482443298022800e+29
8.858858858858859e-01	3.486961494738071e+29
8.868868868868869e-01	3.491481166688375e+29
8.878878878878879e-01	3.496002313461003e+29
8.888888888888888e-01	3.500524934642548e+29
8.898898898898899e-01	3.505049029818912e+29
8.908908908908909e-01	3.509574598575315e+29
8.918918918918919e-01	3.514101640496298e+29
8.928928928928929e-01	3.518630155165735e+29
8.938938938938938e-01	3.523160142166833e+29
8.948948948948949e-01	3.527691601082138e+29
8.958958958958959e-01	3.532224531493904e+29
8.968968968968969e-01	3.536758932983820e+29
8.978978978978979e-01	3.541294805132604e+29
8.988988988988988e-01	3.545832147520348e+29
8.998998998998999e-01	3.550370959726524e+29
9.009009009009009e-01	3.554911241329990e+29
9.019019019019019e-01	3.559452991909001e+29
9.029029029029029e-01	3.563996211041208e+29
9.039039039039038e-01	3.568540898303667e+29
9.049049049049049e-01	3.573087053272848e+29
9.059059059059059e-01	3.577634675524635e+29
9.069069069069069e-01	3.582183764634340e+29
9.079079079079079e-01	3.586734320176701e+29
9.089089089089089e-01	3.591286341725892e+29
9.099099099099099e-01	3.595839828855529e+29
9.109109109109109e-01	3.600394781138675e+29
9.119119119119119e-01	3.604951198147845e+29
9.129129129129129e-01	3.609509079455013e+29
9.139139139139139e-01	3.614068424631618e+29
9.149149149149149e-01	3.618629233248567e+29
9.159159159159159e-01	3.623191504876245e+29
9.169169169169169e-01	3.627755239084516e+29
9.179179179179179e-01	3.632320435442730e+29
9.189189189189189e-01	3.636887093519732e+29
9.199199199199199e-01	3.641455212883863e+29
9.209209209209209e-01	3.646024793102964e+29
9.219219219219219e-01	3.650595833744388e+29
9.229229229229229e-01	3.655168334374999e+29
9.239239239239239e-01	3.659742294561181e+29
9.249249249249250e-01	3.664317713868843e+29
9.259259259259259e-01	3.668894591863418e+29
9.269269269269269e-01	3.673472928109879e+29
9.279279279279279e-01	3.678052722172734e+29
9.289289289289289e-01	3.682633973616038e+29
9.299299299299300e-01	3.687216682003393e+29
9.309309309309309e-01	3.691800846897957e+29
9.319319319319319e-01	3.696386467862445e+29
9.329329329329329e-01	3.700973544459137e+29
9.339339339339340e-01	3.705562076249882e+29
9.349349349349350e-01	3.710152062796192e+29
9.359359359359359e-01	3.714743503659373e+29
9.369369369369369e-01	3.719336398400084e+29
9.379379379379379e-01	3.723930746578557e+29
9.389389389389390e-01	3.728526547754624e+29
9.399399399399400e-01	3.733123801487713e+29
9.409409409409409e-01	3.737722507336861e+29
9.419419419419419e-01	3.742322664860719e+29
9.429429429429429e-01	3.746924273617550e+29
9.439439439439440e-01	3.751527333165241e+29
9.449449449449450e-01	3.756131843061302e+29
9.459459459459459e-01	3.760737802862871e+29
9.469469469469469e-01	3.765345212126726e+29
9.479479479479479e-01	3.769954070409280e+29
9.489489489489490e-01	3.774564377266590e+29
9.499499499499500e-01	3.779176132254362e+29
9.509509509509509e-01	3.783789334927952e+29
9.519519519519519e-01	3.788403984842375e+29
9.529529529529529e-01	3.793020081552308e+29
9.539539539539540e-01	3.797637624612092e+29
9.549549549549550e-01	3.802256613575735e+29
9.559559559559559e-01	3.806877047996925e+29
9.569569569569569e-01	3.811498927429024e+29
9.579579579579579e-01	3.816122251425078e+29
9.589589589589590e-01	3.820747019537821e+29
9.599599599599600e-01	3.825373231319674e+29
9.609609609609610e-01	3.830000886322756e+29
9.619619619619619e-01	3.834629984098885e+29
9.629629629629629e-01	3.839260524199580e+29
9.639639639639640e-01	3.843892506176071e+29
9.649649649649650e-01	3.848525929579294e+29
9.659659659659660e-01	3.853160793959905e+29
9.669669669669669e-01	3.857797098868274e+29
9.679679679679679e-01	3.862434843854497e+29
9.689689689689690e-01	3.867074028468398e+29
9.699699699699700e-01	3.871714652259527e+29
9.709709709709710e-01	3.876356714777172e+29
9.719719719719719e-01	3.881000215570358e+29
9.729729729729729e-01	3.885645154187850e+29
9.739739739739740e-01	3.890291530178177e+29
9.749749749749750e-01	3.894939343089772e+29
9.759759759759760e-01	3.899588592470722e+29
9.769769769769769e-01	3.904239277868834e+29
9.779779779779779e-01	3.908891398831673e+29
9.789789789789790e-01	3.913544954906577e+29
9.799799799799800e-01	3.918199945640647e+29
9.809809809809810e-01	3.922856370580763e+29
9.819819819819819e-01	3.927514229273579e+29
9.829829829829829e-01	3.932173521265532e+29
9.839839839839840e-01	3.936834246102843e+29
9.849849849849850e-01	3.941496403331520e+29
9.859859859859860e-01	3.946159992497364e+29
9.869869869869869e-01	3.950825013145970e+29
9.879879879879879e-01	3.955491464822730e+29
9.889889889889890e-01	3.960159347072843e+29
9.899899899899900e-01	3.964828659441307e+29
9.909909909909910e-01	3.969499401472932e+29
9.919919919919920e-01	3.974171572712340e+29
9.929929929929930e-01	3.978845172703968e+29
9.939939939939940e-01	3.983520200992072e+29
9.949949949949950e-01	3.988196657120728e+29
9.959959959959960e-01	3.992874540633840e+29
9.969969969969970e-01	3.997553851075140e+29
9.979979979979980e-01	4.002234587988189e+29
9.989989989989990e-01	4.006916750916387e+29
1.000000000000000e+00	4.011600339402968e+29
