0.000000000000000e+00	1.000000000000000e+21
1.001001001001001e-03	1.299013216255247e+21
2.002002002002002e-03	1.694037159281404e+21
3.003003003003003e-03	2.215708628252959e+21
4.004004004004004e-03	2.907379682698520e+21
5.005005005005005e-03	3.830489102020104e+21
6.006006006006006e-03	5.071476482159189e+21
7.007007007007007e-03	6.750850191121201e+21
8.008008008008008e-03	9.035340376125274e+21
9.009009009009009e-03	1.215453158047007e+22
1.001001001001001e-02	1.642406753901999e+22
1.101101101101101e-02	2.227859313816977e+22
1.201201201201201e-02	3.031917995259779e+22
1.301301301301301e-02	4.138228122974651e+22
1.401401401401401e-02	5.664073033566829e+22
1.501501501501501e-02	7.775272032094965e+22
1.601601601601602e-02	1.070833364164286e+23
1.701701701701702e-02	1.480370759142934e+23
1.801801801801802e-02	2.055622474335633e+23
1.901901901901902e-02	2.869249404985309e+23
2.002002002002002e-02	4.029113906215654e+23
2.102102102102102e-02	5.697206387259166e+23
2.202202202202202e-02	8.119859620041421e+23
2.302302302302302e-02	1.167671157838805e+24
2.402402402402402e-02	1.696133400992225e+24
2.502502502502502e-02	2.491630782253261e+24
2.602602602602603e-02	3.706373010521929e+24
2.702702702702703e-02	5.590647031879263e+24
2.802802802802803e-02	8.564180466972322e+24
2.902902902902903e-02	1.334604244176903e+25
3.003003003003003e-02	2.119713186405650e+25
3.103103103103103e-02	3.438542873579473e+25
3.203203203203203e-02	5.710583450811931e+25
3.303303303303303e-02	9.735963900771172e+25
3.403403403403403e-02	1.709366812741834e+26
3.503503503503504e-02	3.101976133547531e+26
3.603603603603604e-02	5.834928706343067e+26
3.703703703703703e-02	1.105308284846807e+27
3.803803803803804e-02	1.898930579847292e+27
3.903903903903904e-02	2.827787775054610e+27
4.004004004004004e-02	3.781936736719210e+27
4.104104104104104e-02	4.717775436091846e+27
4.204204204204204e-02	5.622290937097774e+27
4.304304304304304e-02	6.493366386751095e+27
4.404404404404404e-02	7.332523209304072e+27
4.504504504504504e-02	8.142349249970112e+27
4.604604604604605e-02	8.925579797847520e+27
4.704704704704705e-02	9.684778831750639e+27
4.804804804804805e-02	1.042224545588775e+28
4.904904904904905e-02	1.114000513140739e+28
5.005005005005005e-02	1.183983139827116e+28
5.105105105105105e-02	1.252327610161392e+28
5.205205205205205e-02	1.319169986345936e+28
5.305305305305305e-02	1.384629968998219e+28
5.405405405405406e-02	1.448813283744853e+28
5.505505505505506e-02	1.511813712839542e+28
5.605605605605606e-02	1.573714804102545e+28
5.705705705705705e-02	1.634591298577391e+28
5.805805805805805e-02	1.694510330349840e+28
5.905905905905906e-02	1.753532434352981e+28
6.006006006006006e-02	1.811712396243320e+28
6.106106106106106e-02	1.869099971246473e+28
6.206206206206206e-02	1.925740484303068e+28
6.306306306306306e-02	1.981675374234126e+28
6.406406406406406e-02	2.036942617572855e+28
6.506506506506507e-02	2.091577125821862e+28
6.606606606606606e-02	2.145611066216691e+28
6.706706706706707e-02	2.199074156448312e+28
6.806806806806806e-02	2.251993913795598e+28
6.906906906906907e-02	2.304395873468219e+28
7.007007007007007e-02	2.356303780667082e+28
7.107107107107107e-02	2.407739759821684e+28
7.207207207207207e-02	2.458724462987766e+28
7.307307307307308e-02	2.509277201093707e+28
7.407407407407407e-02	2.559416066932586e+28
7.507507507507508e-02	2.609158032046368e+28
7.607607607607608e-02	2.658519043665803e+28
7.707707707707707e-02	2.707514110968412e+28
7.807807807807808e-02	2.756157372748538e+28
7.907907907907907e-02	2.804462174729668e+28
8.008008008008008e-02	2.852441121462241e+28
8.108108108108109e-02	2.900106138670376e+28
8.208208208208208e-02	2.947468518648820e+28
8.308308308308308e-02	2.994538967921926e+28
8.408408408408408e-02	3.041327648243524e+28
8.508508508508508e-02	3.087844213133775e+28
8.608608608608609e-02	3.134097844312251e+28
8.708708708708708e-02	3.180097280755114e+28
8.808808808808809e-02	3.225850849819075e+28
8.908908908908909e-02	3.271366491918700e+28
9.009009009009009e-02	3.316651786001429e+28
9.109109109109109e-02	3.361713970608723e+28
9.209209209209210e-02	3.406559965703233e+28
9.309309309309309e-02	3.451196393784279e+28
9.409409409409410e-02	3.495629595289453e+28
9.509509509509509e-02	3.539865640244377e+28
9.609609609609610e-02	3.583910351622209e+28
9.709709709709710e-02	3.627769317520327e+28
9.809809809809809e-02	3.671447898492080e+28
9.909909909909910e-02	3.714951245025052e+28
1.001001001001001e-01	3.758284309398883e+28
1.011011011011011e-01	3.801451853092054e+28
1.021021021021021e-01	3.844458456878061e+28
1.031031031031031e-01	3.887308532663534e+28
1.041041041041041e-01	3.930006330826961e+28
1.051051051051051e-01	3.972555946255782e+28
1.061061061061061e-01	4.014961328673945e+28
1.071071071071071e-01	4.057226289258920e+28
1.081081081081081e-01	4.099354505692773e+28
1.091091091091091e-01	4.141349529585881e+28
1.101101101101101e-01	4.183214792770039e+28
1.111111111111111e-01	4.224953612051384e+28
1.121121121121121e-01	4.266569194127417e+28
1.131131131131131e-01	4.308064641508658e+28
1.141141141141141e-01	4.349442956800372e+28
1.151151151151151e-01	4.390707046349306e+28
1.161161161161161e-01	4.431859725226704e+28
1.171171171171171e-01	4.472903721050168e+28
1.181181181181181e-01	4.513841676739632e+28
1.191191191191191e-01	4.554676154886935e+28
1.201201201201201e-01	4.595409641490991e+28
1.211211211211211e-01	4.636044549148042e+28
1.221221221221221e-01	4.676583220297549e+28
1.231231231231231e-01	4.717027926510193e+28
1.241241241241241e-01	4.757380873779079e+28
1.251251251251251e-01	4.797644206401893e+28
1.261261261261261e-01	4.837820008642313e+28
1.271271271271271e-01	4.877910307280718e+28
1.281281281281281e-01	4.917917071007528e+28
1.291291291291291e-01	4.957842214311476e+28
1.301301301301301e-01	4.997687600798725e+28
1.311311311311311e-01	5.037455044352877e+28
1.321321321321321e-01	5.077146311118945e+28
1.331331331331331e-01	5.116763119481511e+28
1.341341341341341e-01	5.156307142663084e+28
1.351351351351351e-01	5.195780011342228e+28
1.361361361361361e-01	5.235183314623166e+28
1.371371371371371e-01	5.274518601590687e+28
1.381381381381381e-01	5.313787381648375e+28
1.391391391391391e-01	5.352991126284550e+28
1.401401401401401e-01	5.392131271105813e+28
1.411411411411412e-01	5.431209216680210e+28
1.421421421421421e-01	5.470226329774239e+28
1.431431431431431e-01	5.509183943809413e+28
1.441441441441441e-01	5.548083360121622e+28
1.451451451451451e-01	5.586925849578797e+28
1.461461461461462e-01	5.625712653293600e+28
1.471471471471471e-01	5.664444983617690e+28
1.481481481481481e-01	5.703124024633827e+28
1.491491491491491e-01	5.741750933081200e+28
1.501501501501502e-01	5.780326839649319e+28
1.511511511511512e-01	5.818852849583187e+28
1.521521521521522e-01	5.857330043490532e+28
1.531531531531531e-01	5.895759477823548e+28
1.541541541541541e-01	5.934142185578556e+28
1.551551551551552e-01	5.972479177339423e+28
1.561561561561562e-01	6.010771441792568e+28
1.571571571571572e-01	6.049019946388679e+28
1.581581581581581e-01	6.087225637617222e+28
1.591591591591592e-01	6.125389441642451e+28
1.601601601601602e-01	6.163512265422481e+28
1.611611611611612e-01	6.201594997014494e+28
1.621621621621622e-01	6.239638506150645e+28
1.631631631631631e-01	6.277643644807291e+28
1.641641641641642e-01	6.315611247769352e+28
1.651651651651652e-01	6.353542132969176e+28
1.661661661661662e-01	6.391437099869798e+28
1.671671671671672e-01	6.429296932605143e+28
1.681681681681682e-01	6.467122400117923e+28
1.691691691691692e-01	6.504914256205146e+28
1.701701701701702e-01	6.542673239961362e+28
1.711711711711712e-01	6.580400076218148e+28
1.721721721721722e-01	6.618095475981341e+28
1.731731731731732e-01	6.655760136004122e+28
1.741741741741742e-01	6.693394738491828e+28
1.751751751751752e-01	6.730999953661477e+28
1.761761761761762e-01	6.768576439106232e+28
1.771771771771772e-01	6.806124840109908e+28
1.781781781781782e-01	6.843645789984886e+28
1.791791791791792e-01	6.881139910406754e+28
1.801801801801802e-01	6.918607811695163e+28
1.811811811811812e-01	6.956050091999547e+28
1.821821821821822e-01	6.993467338711112e+28
1.831831831831832e-01	7.030860128882861e+28
1.841841841841842e-01	7.068229029183771e+28
1.851851851851852e-01	7.105574596162782e+28
1.861861861861862e-01	7.142897376509209e+28
1.871871871871872e-01	7.180197907310217e+28
1.881881881881882e-01	7.217476716066236e+28
1.891891891891892e-01	7.254734320431909e+28
1.901901901901902e-01	7.291971229434711e+28
1.911911911911912e-01	7.329187943319720e+28
1.921921921921922e-01	7.366384953724304e+28
1.931931931931932e-01	7.403562743885246e+28
1.941941941941942e-01	7.440721788842993e+28
1.951951951951952e-01	7.477862555638250e+28
1.961961961961962e-01	7.514985503082885e+28
1.971971971971972e-01	7.552091082234125e+28
1.981981981981982e-01	7.589179736789528e+28
1.991991991991992e-01	7.626251903079170e+28
2.002002002002002e-01	7.663308010232754e+28
2.012012012012012e-01	7.700348480344054e+28
2.022022022022022e-01	7.737373728633023e+28
2.032032032032032e-01	7.774384163537195e+28
2.042042042042042e-01	7.811380186576812e+28
2.052052052052052e-01	7.848362192950109e+28
2.062062062062062e-01	7.885330571544879e+28
2.072072072072072e-01	7.922285705042153e+28
2.082082082082082e-01	7.959227970050349e+28
2.092092092092092e-01	7.996157737237292e+28
2.102102102102102e-01	8.033075371460338e+28
2.112112112112112e-01	8.069981231735085e+28
2.122122122122122e-01	8.106875671388217e+28
2.132132132132132e-01	8.143759038361556e+28
2.142142142142142e-01	8.180631675217864e+28
2.152152152152152e-01	8.217493919251502e+28
2.162162162162162e-01	8.254346102597216e+28
2.172172172172172e-01	8.291188552337205e+28
2.182182182182182e-01	8.328021590568705e+28
2.192192192192192e-01	8.364845534224049e+28
2.202202202202202e-01	8.401660695612483e+28
2.212212212212212e-01	8.438467382422815e+28
2.222222222222222e-01	8.475265897762392e+28
2.232232232232232e-01	8.512056540252113e+28
2.242242242242242e-01	8.548839604120552e+28
2.252252252252252e-01	8.585615379297337e+28
2.262262262262262e-01	8.622384151505976e+28
2.272272272272272e-01	8.659146202356249e+28
2.282282282282282e-01	8.695901809436354e+28
2.292292292292292e-01	8.732651246404961e+28
2.302302302302302e-01	8.769394782225043e+28
2.312312312312312e-01	8.806132681642497e+28
2.322322322322322e-01	8.842865206262306e+28
2.332332332332332e-01	8.879592613963427e+28
2.342342342342342e-01	8.916315158972128e+28
2.352352352352352e-01	8.953033091934749e+28
2.362362362362362e-01	8.989746659989938e+28
2.372372372372372e-01	9.026456106840532e+28
2.382382382382382e-01	9.063161672825163e+28
2.392392392392392e-01	9.099863594989708e+28
2.402402402402402e-01	9.136562107158697e+28
2.412412412412412e-01	9.173257439790306e+28
2.422422422422423e-01	9.209949819243937e+28
2.432432432432432e-01	9.246639469372191e+28
2.442442442442442e-01	9.283326611073397e+28
2.452452452452452e-01	9.320011462236448e+28
2.462462462462462e-01	9.356694237796503e+28
2.472472472472473e-01	9.393375149790185e+28
2.482482482482483e-01	9.430054407410377e+28
2.492492492492492e-01	9.466732217060669e+28
2.502502502502503e-01	9.503408782409532e+28
2.512512512512513e-01	9.540084304444291e+28
2.522522522522522e-01	9.576758981517801e+28
2.532532532532533e-01	9.613433008838929e+28
2.542542542542542e-01	9.650106579036530e+28
2.552552552552553e-01	9.686779882463077e+28
2.562562562562563e-01	9.723453106968858e+28
2.572572572572572e-01	9.760126437945259e+28
2.582582582582583e-01	9.796800058367540e+28
2.592592592592592e-01	9.833474148837228e+28
2.602602602602603e-01	9.870148887624140e+28
2.612612612612613e-01	9.906824450708094e+28
2.622622622622622e-01	9.943501011820359e+28
2.632632632632633e-01	9.980178742484890e+28
2.642642642642642e-01	1.001685781192526e+29
2.652652652652653e-01	1.005353838687495e+29
2.662662662662663e-01	1.009022063220378e+29
2.672672672672672e-01	1.012690471070636e+29
2.682682682682683e-01	1.016359078311448e+29
2.692692692692693e-01	1.020027900813101e+29
2.702702702702703e-01	1.023696954246333e+29
2.712712712712713e-01	1.027366254085638e+29
2.722722722722722e-01	1.031035815612559e+29
2.732732732732733e-01	1.034705653918936e+29
2.742742742742743e-01	1.038375783910141e+29
2.752752752752753e-01	1.042046220307081e+29
2.762762762762763e-01	1.045716977624124e+29
2.772772772772773e-01	1.049388070202794e+29
2.782782782782783e-01	1.053059512215653e+29
2.792792792792793e-01	1.056731317660953e+29
2.802802802802803e-01	1.060403500365341e+29
2.812812812812813e-01	1.064076073986532e+29
2.822822822822823e-01	1.067749052015962e+29
2.832832832832833e-01	1.071422447781400e+29
2.842842842842843e-01	1.075096274449546e+29
2.852852852852853e-01	1.078770545028606e+29
2.862862862862863e-01	1.082445272370845e+29
2.872872872872873e-01	1.086120469166526e+29
2.882882882882883e-01	1.089796147942042e+29
2.892892892892893e-01	1.093472321085000e+29
2.902902902902903e-01	1.097149000835022e+29
2.912912912912913e-01	1.100826199285638e+29
2.922922922922923e-01	1.104503928386448e+29
2.932932932932933e-01	1.108182199945265e+29
2.942942942942943e-01	1.111861025630230e+29
2.952952952952953e-01	1.115540416971909e+29
2.962962962962963e-01	1.119220385365366e+29
2.972972972972973e-01	1.122900942072227e+29
2.982982982982983e-01	1.126582098221439e+29
2.992992992992993e-01	1.130263864799820e+29
3.003003003003003e-01	1.133946252670991e+29
3.013013013013013e-01	1.137629272574178e+29
3.023023023023023e-01	1.141312935123481e+29
3.033033033033033e-01	1.144997250809638e+29
3.043043043043043e-01	1.148682230001783e+29
3.053053053053053e-01	1.152367882949171e+29
3.063063063063063e-01	1.156054219782890e+29
3.073073073073073e-01	1.159741250517559e+29
3.083083083083083e-01	1.163428985053000e+29
3.093093093093093e-01	1.167117433175908e+29
3.103103103103103e-01	1.170806604550141e+29
3.113113113113113e-01	1.174496508723895e+29
3.123123123123123e-01	1.178187155147123e+29
3.133133133133133e-01	1.181878553162203e+29
3.143143143143143e-01	1.185570712005456e+29
3.153153153153153e-01	1.189263640808656e+29
3.163163163163163e-01	1.192957348600534e+29
3.173173173173173e-01	1.196651844308276e+29
3.183183183183183e-01	1.200347136759002e+29
3.193193193193193e-01	1.204043234681255e+29
3.203203203203203e-01	1.207740146706465e+29
3.213213213213213e-01	1.211437881370426e+29
3.223223223223223e-01	1.215136447114758e+29
3.233233233233233e-01	1.218835852288369e+29
3.243243243243243e-01	1.222536105148925e+29
3.253253253253253e-01	1.226237213864302e+29
3.263263263263263e-01	1.229939186514057e+29
3.273273273273273e-01	1.233642031075878e+29
3.283283283283283e-01	1.237345755376615e+29
3.293293293293293e-01	1.241050367204284e+29
3.303303303303303e-01	1.244755874268819e+29
3.313313313313313e-01	1.248462284195090e+29
3.323323323323323e-01	1.252169604524063e+29
3.333333333333333e-01	1.255877842713956e+29
3.343343343343343e-01	1.259587006141381e+29
3.353353353353353e-01	1.263297102102490e+29
3.363363363363363e-01	1.267008137814112e+29
3.373373373373373e-01	1.270720120414891e+29
3.383383383383383e-01	1.274433056966409e+29
3.393393393393394e-01	1.278146954454329e+29
3.403403403403403e-01	1.281861819789515e+29
3.413413413413414e-01	1.285577659809166e+29
3.423423423423423e-01	1.289294481277944e+29
3.433433433433433e-01	1.293012290889108e+29
3.443443443443444e-01	1.296731095264615e+29
3.453453453453453e-01	1.300450900904956e+29
3.463463463463464e-01	1.304171714249887e+29
3.473473473473473e-01	1.307893541693634e+29
3.483483483483483e-01	1.311616389561377e+29
3.493493493493494e-01	1.315340264110132e+29
3.503503503503503e-01	1.319065171529619e+29
3.513513513513514e-01	1.322791117943139e+29
3.523523523523523e-01	1.326518109408439e+29
3.533533533533533e-01	1.330246151918565e+29
3.543543543543544e-01	1.333975251402730e+29
3.553553553553553e-01	1.337705413727155e+29
3.563563563563564e-01	1.341436644695932e+29
3.573573573573574e-01	1.345168950051861e+29
3.583583583583583e-01	1.348902335477306e+29
3.593593593593594e-01	1.352636806595035e+29
3.603603603603603e-01	1.356372368969064e+29
3.613613613613614e-01	1.360109028105505e+29
3.623623623623624e-01	1.363846789438506e+29
3.633633633633633e-01	1.367585658319039e+29
3.643643643643644e-01	1.371325640068335e+29
3.653653653653653e-01	1.375066739952346e+29
3.663663663663664e-01	1.378808963181126e+29
3.673673673673674e-01	1.382552314909501e+29
3.683683683683684e-01	1.386296800237740e+29
3.693693693693694e-01	1.390042424212219e+29
3.703703703703703e-01	1.393789191826083e+29
3.713713713713714e-01	1.397537108019899e+29
3.723723723723724e-01	1.401286177682314e+29
3.733733733733734e-01	1.405036405650698e+29
3.743743743743744e-01	1.408787796711798e+29
3.753753753753754e-01	1.412540355602376e+29
3.763763763763764e-01	1.416294087009859e+29
3.773773773773774e-01	1.420048995572969e+29
3.783783783783784e-01	1.423805085882375e+29
3.793793793793794e-01	1.427562362479309e+29
3.803803803803804e-01	1.431320829835416e+29
3.813813813813814e-01	1.435080492386619e+29
3.823823823823824e-01	1.438841354527752e+29
3.833833833833834e-01	1.442603420607442e+29
3.843843843843844e-01	1.446366694928633e+29
3.853853853853854e-01	1.450131181749116e+29
3.863863863863864e-01	1.453896885282045e+29
3.873873873873874e-01	1.457663809696456e+29
3.883883883883884e-01	1.461431959117778e+29
3.893893893893894e-01	1.465201337628347e+29
3.903903903903904e-01	1.468971949267908e+29
3.913913913913914e-01	1.472743798034125e+29
3.923923923923924e-01	1.476516887883077e+29
3.933933933933934e-01	1.480291222729763e+29
3.943943943943944e-01	1.484066806448595e+29
3.953953953953954e-01	1.487843642873898e+29
3.963963963963964e-01	1.491621735800401e+29
3.973973973973974e-01	1.495401088973969e+29
3.983983983983984e-01	1.499181706096713e+29
3.993993993993994e-01	1.502963590841303e+29
4.004004004004004e-01	1.506746746841946e+29
4.014014014014014e-01	1.510531177694789e+29
4.024024024024024e-01	1.514316886958341e+29
4.034034034034034e-01	1.518103878153878e+29
4.044044044044044e-01	1.521892154765861e+29
4.054054054054054e-01	1.525681720242336e+29
4.064064064064064e-01	1.529472577995344e+29
4.074074074074074e-01	1.533264731401315e+29
4.084084084084084e-01	1.537058183801476e+29
4.094094094094094e-01	1.540852938502238e+29
4.104104104104104e-01	1.544648998775599e+29
4.114114114114114e-01	1.548446367859528e+29
4.124124124124124e-01	1.552245048958365e+29
4.134134134134134e-01	1.556045045243201e+29
4.144144144144144e-01	1.559846359850131e+29
4.154154154154154e-01	1.563648995873323e+29
4.164164164164164e-01	1.567452956381340e+29
4.174174174174174e-01	1.571258244411683e+29
4.184184184184184e-01	1.575064862969945e+29
4.194194194194194e-01	1.578872815030135e+29
4.204204204204204e-01	1.582682103535021e+29
4.214214214214214e-01	1.586492731396449e+29
4.224224224224224e-01	1.590304701495675e+29
4.234234234234234e-01	1.594118016683689e+29
4.244244244244244e-01	1.597932679781532e+29
4.254254254254254e-01	1.601748693580622e+29
4.264264264264264e-01	1.605566060843067e+29
4.274274274274274e-01	1.609384784301979e+29
4.284284284284284e-01	1.613204866661796e+29
4.294294294294294e-01	1.617026310598584e+29
4.304304304304304e-01	1.620849118760353e+29
4.314314314314314e-01	1.624673293767249e+29
4.324324324324325e-01	1.628498838205904e+29
4.334334334334334e-01	1.632325754636618e+29
4.344344344344344e-01	1.636154045595365e+29
4.354354354354354e-01	1.639983713591205e+29
4.364364364364364e-01	1.643814761106552e+29
4.374374374374375e-01	1.647647190597449e+29
4.384384384384384e-01	1.651481004493828e+29
4.394394394394394e-01	1.655316205199779e+29
4.404404404404405e-01	1.659152795093813e+29
4.414414414414414e-01	1.662990776529120e+29
4.424424424424425e-01	1.666830151833829e+29
4.434434434434434e-01	1.670670923311265e+29
4.444444444444444e-01	1.674513093240205e+29
4.454454454454455e-01	1.678356663875133e+29
4.464464464464464e-01	1.682201637446488e+29
4.474474474474475e-01	1.686048016160918e+29
4.484484484484484e-01	1.689895802201530e+29
4.494494494494494e-01	1.693744997724181e+29
4.504504504504505e-01	1.697595604855093e+29
4.514514514514514e-01	1.701447625705356e+29
4.524524524524525e-01	1.705301062363647e+29
4.534534534534534e-01	1.709155916896090e+29
4.544544544544544e-01	1.713012191346488e+29
4.554554554554555e-01	1.716869887736554e+29
4.564564564564564e-01	1.720729008066134e+29
4.574574574574575e-01	1.724589554313438e+29
4.584584584584585e-01	1.728451528435267e+29
4.594594594594594e-01	1.732314932367234e+29
4.604604604604605e-01	1.736179768023993e+29
4.614614614614614e-01	1.740046037299460e+29
4.624624624624625e-01	1.743913742067037e+29
4.634634634634635e-01	1.747782884179835e+29
4.644644644644644e-01	1.751653465470897e+29
4.654654654654655e-01	1.755525487753420e+29
4.664664664664664e-01	1.759398952820973e+29
4.674674674674675e-01	1.763273862447724e+29
4.684684684684685e-01	1.767150218388659e+29
4.694694694694695e-01	1.771028022379802e+29
4.704704704704705e-01	1.774907276138438e+29
4.714714714714714e-01	1.778787981363334e+29
4.724724724724725e-01	1.782670139734960e+29
4.734734734734735e-01	1.786553752915714e+29
4.744744744744745e-01	1.790438822550139e+29
4.754754754754755e-01	1.794325350265140e+29
4.764764764764765e-01	1.798213337640728e+29
4.774774774774775e-01	1.802102786235472e+29
4.784784784784785e-01	1.805993697614276e+29
4.794794794794795e-01	1.809886073324373e+29
4.804804804804805e-01	1.813779914895496e+29
4.814814814814815e-01	1.817675223840059e+29
4.824824824824825e-01	1.821572001653320e+29
4.834834834834835e-01	1.825470249813563e+29
4.844844844844845e-01	1.829369969782264e+29
4.854854854854855e-01	1.833271163004266e+29
4.864864864864865e-01	1.837173830907949e+29
4.874874874874875e-01	1.841077974905400e+29
4.884884884884885e-01	1.844983596392585e+29
4.894894894894895e-01	1.848890696749517e+29
4.904904904904905e-01	1.852799277340428e+29
4.914914914914915e-01	1.856709339513938e+29
4.924924924924925e-01	1.860620884603224e+29
4.934934934934935e-01	1.864533913926193e+29
4.944944944944945e-01	1.868448428785644e+29
4.954954954954955e-01	1.872364430469446e+29
4.964964964964965e-01	1.876281920250705e+29
4.974974974974975e-01	1.880200899387930e+29
4.984984984984985e-01	1.884121369125211e+29
4.994994994994995e-01	1.888043330692382e+29
5.005005005005005e-01	1.891966785305196e+29
5.015015015015015e-01	1.895891734165494e+29
5.025025025025025e-01	1.899818178459538e+29
5.035035035035035e-01	1.903746119327130e+29
5.045045045045045e-01	1.907675557909780e+29
5.055055055055055e-01	1.911606495346281e+29
5.065065065065065e-01	1.915538932761563e+29
5.075075075075075e-01	1.919472871266831e+29
5.085085085085085e-01	1.923408311959688e+29
5.095095095095095e-01	1.927345255924269e+29
5.105105105105106e-01	1.931283704231367e+29
5.115115115115115e-01	1.935223657938563e+29
5.125125125125125e-01	1.939165118090353e+29
5.135135135135135e-01	1.943108085718276e+29
5.145145145145145e-01	1.947052561841039e+29
5.155155155155156e-01	1.950998547464650e+29
5.165165165165165e-01	1.954946043582534e+29
5.175175175175175e-01	1.958895051175669e+29
5.185185185185185e-01	1.962845571212706e+29
5.195195195195195e-01	1.966797604650098e+29
5.205205205205206e-01	1.970751152432221e+29
5.215215215215215e-01	1.974706215491504e+29
5.225225225225225e-01	1.978662794748554e+29
5.235235235235235e-01	1.982620891112275e+29
5.245245245245245e-01	1.986580505480003e+29
5.255255255255256e-01	1.990541638737621e+29
5.265265265265265e-01	1.994504291759693e+29
5.275275275275275e-01	1.998468465409582e+29
5.285285285285285e-01	2.002434160539580e+29
5.295295295295295e-01	2.006401377986705e+29
5.305305305305306e-01	2.010370118557468e+29
5.315315315315315e-01	2.014340383063438e+29
5.325325325325325e-01	2.018312172308035e+29
5.335335335335335e-01	2.022285487083720e+29
5.345345345345345e-01	2.026260328172094e+29
5.355355355355356e-01	2.030236696343997e+29
5.365365365365365e-01	2.034214592359606e+29
5.375375375375375e-01	2.038194016968531e+29
5.385385385385385e-01	2.042174970909916e+29
5.395395395395395e-01	2.046157454912532e+29
5.405405405405406e-01	2.050141469694871e+29
5.415415415415415e-01	2.054127015965248e+29
5.425425425425425e-01	2.058114094421893e+29
5.435435435435435e-01	2.062102705753045e+29
5.445445445445445e-01	2.066092850637048e+29
5.455455455455456e-01	2.070084529742448e+29
5.465465465465466e-01	2.074077743728082e+29
5.475475475475475e-01	2.078072493243178e+29
5.485485485485485e-01	2.082068778927444e+29
5.495495495495496e-01	2.086066601411164e+29
5.505505505505506e-01	2.090065961315293e+29
5.515515515515516e-01	2.094066859251546e+29
5.525525525525525e-01	2.098069295822495e+29
5.535535535535535e-01	2.102073271621663e+29
5.545545545545546e-01	2.106078787233612e+29
5.555555555555556e-01	2.110085843234042e+29
5.565565565565566e-01	2.114094440183996e+29
5.575575575575575e-01	2.118104578628011e+29
5.585585585585585e-01	2.122116259112068e+29
5.595595595595596e-01	2.126129482173687e+29
5.605605605605606e-01	2.130144248341668e+29
5.615615615615616e-01	2.134160558136170e+29
5.625625625625625e-01	2.138178412068787e+29
5.635635635635635e-01	2.142197810642618e+29
5.645645645645646e-01	2.146218754352349e+29
5.655655655655656e-01	2.150241243684322e+29
5.665665665665666e-01	2.154265279116614e+29
5.675675675675675e-01	2.158290861119104e+29
5.685685685685685e-01	2.162317990153556e+29
5.695695695695696e-01	2.166346666673685e+29
5.705705705705706e-01	2.170376891125232e+29
5.715715715715716e-01	2.174408663946036e+29
5.725725725725725e-01	2.178441985566112e+29
5.735735735735735e-01	2.182476856407713e+29
5.745745745745746e-01	2.186513276885413e+29
5.755755755755756e-01	2.190551247406170e+29
5.765765765765766e-01	2.194590768369403e+29
5.775775775775776e-01	2.198631840167062e+29
5.785785785785785e-01	2.202674463183698e+29
5.795795795795796e-01	2.206718637796536e+29
5.805805805805806e-01	2.210764364375545e+29
5.815815815815816e-01	2.214811643283509e+29
5.825825825825826e-01	2.218860474876077e+29
5.835835835835835e-01	2.222910859495140e+29
5.845845845845846e-01	2.226962797475614e+29
5.855855855855856e-01	2.231016289150023e+29
5.865865865865866e-01	2.235071334843865e+29
5.875875875875876e-01	2.239127934875664e+29
5.885885885885885e-01	2.243186089557034e+29
5.895895895895896e-01	2.247245799192735e+29
5.905905905905906e-01	2.251307064080733e+29
5.915915915915916e-01	2.255369884512259e+29
5.925925925925926e-01	2.259434260771865e+29
5.935935935935935e-01	2.263500193137485e+29
5.945945945945946e-01	2.267567681880490e+29
5.955955955955956e-01	2.271636727265744e+29
5.965965965965966e-01	2.275707329551665e+29
5.975975975975976e-01	2.279779488990280e+29
5.985985985985985e-01	2.283853205827279e+29
5.995995995995996e-01	2.287928480302076e+29
6.006006006006006e-01	2.292005312647860e+29
6.016016016016016e-01	2.296083703091656e+29
6.026026026026026e-01	2.300163651854375e+29
6.036036036036035e-01	2.304245159150876e+29
6.046046046046046e-01	2.308328225190016e+29
6.056056056056056e-01	2.312412850174705e+29
6.066066066066066e-01	2.316499034301968e+29
6.076076076076076e-01	2.320586777762992e+29
6.086086086086087e-01	2.324676080743185e+29
6.096096096096096e-01	2.328766943421828e+29
6.106106106106106e-01	2.332859365967078e+29
6.116116116116116e-01	2.336953348544317e+29
6.126126126126126e-01	2.341048891314874e+29
6.136136136136137e-01	2.345145994434442e+29
6.146146146146146e-01	2.349244658053116e+29
6.156156156156156e-01	2.353344882315445e+29
6.166166166166166e-01	2.357446667360477e+29
6.176176176176176e-01	2.361550013321805e+29
6.186186186186187e-01	2.365654920327614e+29
6.196196196196196e-01	2.369761388500725e+29
6.206206206206206e-01	2.373869417958642e+29
6.216216216216216e-01	2.377979008813596e+29
6.226226226226226e-01	2.382090161172592e+29
6.236236236236237e-01	2.386202875137452e+29
6.246246246246246e-01	2.390317150804858e+29
6.256256256256256e-01	2.394432988266402e+29
6.266266266266266e-01	2.398550387608625e+29
6.276276276276276e-01	2.402669348913062e+29
6.286286286286287e-01	2.406789872256288e+29
6.296296296296297e-01	2.410911957709961e+29
6.306306306306306e-01	2.415035605340862e+29
6.316316316316316e-01	2.419160815210944e+29
6.326326326326326e-01	2.423287587377371e+29
6.336336336336337e-01	2.427415921892564e+29
6.346346346346347e-01	2.431545818804241e+29
6.356356356356356e-01	2.435677278155464e+29
6.366366366366366e-01	2.439810299983787e+29
6.376376376376376e-01	2.443944884318845e+29
6.386386386386387e-01	2.448081031188608e+29
6.396396396396397e-01	2.452218740616895e+29
6.406406406406406e-01	2.456358012622988e+29
6.416416416416416e-01	2.460498847221669e+29
6.426426426426426e-01	2.464641244423259e+29
6.436436436436437e-01	2.468785204233652e+29
6.446446446446447e-01	2.472930726654353e+29
6.456456456456456e-01	2.477077811682517e+29
6.466466466466466e-01	2.481226459310981e+29
6.476476476476476e-01	2.485376669528302e+29
6.486486486486487e-01	2.489528442318796e+29
6.496496496496497e-01	2.493681777662568e+29
6.506506506506506e-01	2.497836675535552e+29
6.516516516516516e-01	2.501993135909544e+29
6.526526526526526e-01	2.506151158752240e+29
6.536536536536537e-01	2.510310744027266e+29
6.546546546546547e-01	2.514471891694219e+29
6.556556556556556e-01	2.518634601708699e+29
6.566566566566566e-01	2.522798874022341e+29
6.576576576576576e-01	2.526964708582855e+29
6.586586586586587e-01	2.531132105334057e+29
6.596596596596597e-01	2.535301064215901e+29
6.606606606606606e-01	2.539471585164520e+29
6.616616616616616e-01	2.543643668112252e+29
6.626626626626626e-01	2.547817312987680e+29
6.636636636636637e-01	2.551992519712848e+29
6.646646646646647e-01	2.556169288203456e+29
6.656656656656657e-01	2.560347618376019e+29
6.666666666666666e-01	2.564527510143468e+29
6.676676676676676e-01	2.568708963415088e+29
6.686686686686687e-01	2.572891978096555e+29
6.696696696696697e-01	2.577076554089958e+29
6.706706706706707e-01	2.581262691293840e+29
6.716716716716716e-01	2.585450389603223e+29
6.726726726726726e-01	2.589639648909644e+29
6.736736736736737e-01	2.593830469101179e+29
6.746746746746747e-01	2.598022850062479e+29
6.756756756756757e-01	2.602216791674801e+29
6.766766766766766e-01	2.606412293816035e+29
6.776776776776777e-01	2.610609356360738e+29
6.786786786786787e-01	2.614807979180164e+29
6.796796796796797e-01	2.619008162142292e+29
6.806806806806807e-01	2.623209905111860e+29
6.816816816816816e-01	2.627413207950394e+29
6.826826826826827e-01	2.631618070516236e+29
6.836836836836837e-01	2.635824492664576e+29
6.846846846846847e-01	2.640032474247487e+29
6.856856856856857e-01	2.644242015113947e+29
6.866866866866866e-01	2.648453115109874e+29
6.876876876876877e-01	2.652665774078156e+29
6.886886886886887e-01	2.656879991858680e+29
6.896896896896897e-01	2.661095768288363e+29
6.906906906906907e-01	2.665313103201182e+29
6.916916916916916e-01	2.669531996428205e+29
6.926926926926927e-01	2.673752447797619e+29
6.936936936936937e-01	2.677974457134762e+29
6.946946946946947e-01	2.682198024262153e+29
6.956956956956957e-01	2.686423148999523e+29
6.966966966966966e-01	2.690649831163844e+29
6.976976976976977e-01	2.694878070569359e+29
6.986986986986987e-01	2.699107867027614e+29
6.996996996996997e-01	2.703339220347488e+29
7.007007007007007e-01	2.707572130335221e+29
7.017017017017017e-01	2.711806596794450e+29
7.027027027027027e-01	2.716042619526234e+29
7.037037037037037e-01	2.720280198329086e+29
7.047047047047047e-01	2.724519332998196e+29
7.057057057057057e-01	2.728760023304401e+29
7.067067067067067e-01	2.733002269025713e+29
7.077077077077077e-01	2.737246069946886e+29
7.087087087087087e-01	2.741491425850057e+29
7.097097097097097e-01	2.745738336514768e+29
7.107107107107107e-01	2.749986801717996e+29
7.117117117117117e-01	2.754236821234167e+29
7.127127127127127e-01	2.758488394835185e+29
7.137137137137137e-01	2.762741522290453e+29
7.147147147147147e-01	2.766996203366897e+29
7.157157157157157e-01	2.771252437828985e+29
7.167167167167167e-01	2.775510225438757e+29
7.177177177177178e-01	2.779769565955840e+29
7.187187187187187e-01	2.784030459137475e+29
7.197197197197197e-01	2.788292904738539e+29
7.207207207207207e-01	2.792556902511570e+29
7.217217217217217e-01	2.796822452206783e+29
7.227227227227228e-01	2.801089553572102e+29
7.237237237237237e-01	2.805358206353172e+29
7.247247247247247e-01	2.809628410293391e+29
7.257257257257257e-01	2.813900165133927e+29
7.267267267267267e-01	2.818173470613745e+29
7.277277277277278e-01	2.822448326469625e+29
7.287287287287287e-01	2.826724732436185e+29
7.297297297297297e-01	2.831002688245908e+29
7.307307307307307e-01	2.835282193629160e+29
7.317317317317317e-01	2.839563248314216e+29
7.327327327327328e-01	2.843845852027281e+29
7.337337337337337e-01	2.848130004492512e+29
7.347347347347347e-01	2.852415705432041e+29
7.357357357357357e-01	2.856702954566000e+29
7.367367367367368e-01	2.860991751612541e+29
7.377377377377378e-01	2.865282096287859e+29
7.387387387387387e-01	2.869573988306219e+29
7.397397397397397e-01	2.873867427379971e+29
7.407407407407407e-01	2.878162413219581e+29
7.417417417417418e-01	2.882458945533650e+29
7.427427427427428e-01	2.886757024028935e+29
7.437437437437437e-01	2.891056648410378e+29
7.447447447447447e-01	2.895357818381125e+29
7.457457457457457e-01	2.899660533642547e+29
7.467467467467468e-01	2.903964793889097e+29
7.477477477477478e-01	2.908270598796256e+29
7.487487487487487e-01	2.912577948054790e+29
7.497497497497497e-01	2.916886841355767e+29
7.507507507507507e-01	2.921197278388398e+29
7.517517517517518e-01	2.925509258840059e+29
7.527527527527528e-01	2.929822782396306e+29
7.537537537537538e-01	2.934137848740891e+29
7.547547547547547e-01	2.938454457555779e+29
7.557557557557557e-01	2.942772608521167e+29
7.567567567567568e-01	2.947092301315496e+29
7.577577577577578e-01	2.951413535615469e+29
7.587587587587588e-01	2.955736311096069e+29
7.597597597597597e-01	2.960060627430574e+29
7.607607607607607e-01	2.964386484290575e+29
7.617617617617618e-01	2.968713881345988e+29
7.627627627627628e-01	2.973042818265076e+29
7.637637637637638e-01	2.977373294714459e+29
7.647647647647647e-01	2.981705310359136e+29
7.657657657657657e-01	2.986038864862499e+29
7.667667667667668e-01	2.990373957886346e+29
7.677677677677678e-01	2.994710589090902e+29
7.687687687687688e-01	2.999048758134833e+29
7.697697697697697e-01	3.003388464675262e+29
7.707707707707707e-01	3.007729708367783e+29
7.717717717717718e-01	3.012072488866483e+29
7.727727727727728e-01	3.016416805823951e+29
7.737737737737738e-01	3.020762658891299e+29
7.747747747747747e-01	3.025110047718177e+29
7.757757757757757e-01	3.029458971952787e+29
7.767767767767768e-01	3.033809431241902e+29
7.777777777777778e-01	3.038161425230879e+29
7.787787787787788e-01	3.042514953563678e+29
7.797797797797797e-01	3.046870015882877e+29
7.807807807807807e-01	3.051226611829687e+29
7.817817817817818e-01	3.055584741043970e+29
7.827827827827828e-01	3.059944403164253e+29
7.837837837837838e-01	3.064305597827747e+29
7.847847847847848e-01	3.068668324670361e+29
7.857857857857857e-01	3.073032583326717e+29
7.867867867867868e-01	3.077398373430171e+29
7.877877877877878e-01	3.081765694612822e+29
7.887887887887888e-01	3.086134546496998e+29
7.897897897897898e-01	3.090504928701869e+29
7.907907907907907e-01	3.094876840853827e+29
7.917917917917918e-01	3.099250282577960e+29
7.927927927927928e-01	3.103625253498059e+29
7.937937937937938e-01	3.108001753236635e+29
7.947947947947948e-01	3.112379781414929e+29
7.957957957957957e-01	3.116759337652922e+29
7.967967967967968e-01	3.121140421569350e+29
7.977977977977978e-01	3.125523032781713e+29
7.987987987987988e-01	3.129907170906291e+29
7.997997997997998e-01	3.134292835558153e+29
8.008008008008007e-01	3.138680026351166e+29
8.018018018018018e-01	3.143068742898017e+29
8.028028028028028e-01	3.147458984810210e+29
8.038038038038038e-01	3.151850751698092e+29
8.048048048048048e-01	3.156244043170856e+29
8.058058058058059e-01	3.160638858836554e+29
8.068068068068068e-01	3.165035198302114e+29
8.078078078078078e-01	3.169433061173342e+29
8.088088088088088e-01	3.173832447054944e+29
8.098098098098098e-01	3.178233355550530e+29
8.108108108108109e-01	3.182635786262629e+29
8.118118118118118e-01	3.187039738792700e+29
8.128128128128128e-01	3.191445212741146e+29
8.138138138138138e-01	3.195852207707317e+29
8.148148148148148e-01	3.200260723289533e+29
8.158158158158159e-01	3.204670759085090e+29
8.168168168168168e-01	3.209082314690268e+29
8.178178178178178e-01	3.213495389700347e+29
8.188188188188188e-01	3.217909983709621e+29
8.198198198198198e-01	3.222326096311402e+29
8.208208208208209e-01	3.226743727098038e+29
8.218218218218218e-01	3.231162875660921e+29
8.228228228228228e-01	3.235583541590498e+29
8.238238238238238e-01	3.240005724476288e+29
8.248248248248248e-01	3.244429423906884e+29
8.258258258258259e-01	3.248854639469976e+29
8.268268268268268e-01	3.253281370752351e+29
8.278278278278278e-01	3.257709617339910e+29
8.288288288288288e-01	3.262139378817685e+29
8.298298298298298e-01	3.266570654769158e+29
8.308308308308309e-01	3.271003444769627e+29
8.318318318318318e-01	3.275437748398300e+29
8.328328328328328e-01	3.279873565235558e+29
8.338338338338338e-01	3.284310894860889e+29
8.348348348348348e-01	3.288749736852901e+29
8.358358358358359e-01	3.293190090789330e+29
8.368368368368369e-01	3.297631956247048e+29
8.378378378378378e-01	3.302075332802071e+29
8.388388388388388e-01	3.306520220029573e+29
8.398398398398398e-01	3.310966617503888e+29
8.408408408408409e-01	3.315414524798522e+29
8.418418418418419e-01	3.319863941486161e+29
8.428428428428428e-01	3.324314867138684e+29
8.438438438438438e-01	3.328767301327163e+29
8.448448448448448e-01	3.333221243621881e+29
8.458458458458459e-01	3.337676693592334e+29
8.468468468468469e-01	3.342133650807239e+29
8.478478478478478e-01	3.346592114834551e+29
8.488488488488488e-01	3.351052085241463e+29
8.498498498498498e-01	3.355513561594417e+29
8.508508508508509e-01	3.359976543459114e+29
8.518518518518519e-01	3.364441030400522e+29
8.528528528528528e-01	3.368907021982881e+29
8.538538538538538e-01	3.373374517769719e+29
8.548548548548548e-01	3.377843517323851e+29
8.558558558558559e-01	3.382314020207398e+29
8.568568568568569e-01	3.386786025981784e+29
8.578578578578578e-01	3.391259534207752e+29
8.588588588588588e-01	3.395734544445373e+29
8.598598598598598e-01	3.400211056254047e+29
8.608608608608609e-01	3.404689069192522e+29
8.618618618618619e-01	3.409168582818891e+29
8.628628628628628e-01	3.413649596690609e+29
8.638638638638638e-01	3.418132110364497e+29
8.648648648648649e-01	3.422616123396754e+29
8.658658658658659e-01	3.427101635342957e+29
8.668668668668669e-01	3.431588645758082e+29
8.678678678678678e-01	3.436077154196501e+29
8.688688688688688e-01	3.440567160211997e+29
8.698698698698699e-01	3.445058663357768e+29
8.708708708708709e-01	3.449551663186440e+29
8.718718718718719e-01	3.454046159248208e+29
8.728728728728729e-01	3.458542151089470e+29
8.738738738738738e-01	3.463039638260169e+29
8.748748748748749e-01	3.467538620309885e+29
8.758758758758759e-01	3.472039096787617e+29
8.768768768768769e-01	3.476541067241789e+29
8.778778778778779e-01	3.481044531220263e+29
8.788788788788788e-01	3.485549488270333e+29
8.798798798798799e-01	3.490055937938744e+29
8.808808808808809e-01	3.494563879771691e+29
8.818818818818819e-01	3.499073313314827e+29
8.828828828828829e-01	3.503584238113273e+29
8.838838838838838e-01	3.508096653711621e+29
8.848848848848849e-01	3.512610559653939e+29
8.858858858858859e-01	3.517125955483782e+29
8.868868868868869e-01	3.521642840744194e+29
8.878878878878879e-01	3.526161214977718e+29
8.888888888888888e-01	3.530681077726401e+29
8.898898898898899e-01	3.535202428531799e+29
8.908908908908909e-01	3.539725266934983e+29
8.918918918918919e-01	3.544249592476550e+29
8.928928928928929e-01	3.548775404696623e+29
8.938938938938938e-01	3.553302703134863e+29
8.948948948948949e-01	3.557831487330468e+29
8.958958958958959e-01	3.562361756822188e+29
8.968968968968969e-01	3.566893511148325e+29
8.978978978978979e-01	3.571426749846741e+29
8.988988988988988e-01	3.575961472454864e+29
8.998998998998999e-01	3.580497678509694e+29
9.009009009009009e-01	3.585035367547812e+29
9.019019019019019e-01	3.589574539105380e+29
9.029029029029029e-01	3.594115192718154e+29
9.039039039039038e-01	3.598657327921484e+29
9.049049049049049e-01	3.603200944250327e+29
9.059059059059059e-01	3.607746041239244e+29
9.069069069069069e-01	3.612292618422414e+29
9.079079079079079e-01	3.616840675333638e+29
9.089089089089089e-01	3.621390211506343e+29
9.099099099099099e-01	3.625941226473590e+29
9.109109109109109e-01	3.630493719768079e+29
9.119119119119119e-01	3.635047690922156e+29
9.129129129129129e-01	3.639603139467788e+29
9.139139139139139e-01	3.644160064933907e+29
9.149149149149149e-01	3.648718466849710e+29
9.159159159159159e-01	3.653278344745663e+29
9.169169169169169e-01	3.657839698151877e+29
9.179179179179179e-01	3.662402526598117e+29
9.189189189189189e-01	3.666966829613800e+29
9.199199199199199e-01	3.671532606728005e+29
9.209209209209209e-01	3.676099857469476e+29
9.219219219219219e-01	3.680668581366625e+29
9.229229229229229e-01	3.685238777947541e+29
9.239239239239239e-01	3.689810446739994e+29
9.249249249249250e-01	3.694383587271436e+29
9.259259259259259e-01	3.698958199069008e+29
9.269269269269269e-01	3.703534281659548e+29
9.279279279279279e-01	3.708111834569591e+29
9.289289289289289e-01	3.712690857325375e+29
9.299299299299300e-01	3.717271349452849e+29
9.309309309309309e-01	3.721853310477672e+29
9.319319319319319e-01	3.726436739925222e+29
9.329329329329329e-01	3.731021637320600e+29
9.339339339339340e-01	3.735608002188634e+29
9.349349349349350e-01	3.740195834053882e+29
9.359359359359359e-01	3.744785132440641e+29
9.369369369369369e-01	3.749375896872947e+29
9.379379379379379e-01	3.753968126874583e+29
9.389389389389390e-01	3.758561821969080e+29
9.399399399399400e-01	3.763156981679727e+29
9.409409409409409e-01	3.767753605529569e+29
9.419419419419419e-01	3.772351693041417e+29
9.429429429429429e-01	3.776951243737849e+29
9.439439439439440e-01	3.781552257141218e+29
9.449449449449450e-01	3.786154732773652e+29
9.459459459459459e-01	3.790758670157062e+29
9.469469469469469e-01	3.795364068813145e+29
9.479479479479479e-01	3.799970928263391e+29
9.489489489489490e-01	3.804579248029084e+29
9.499499499499500e-01	3.809189027631305e+29
9.509509509509509e-01	3.813800266590945e+29
9.519519519519519e-01	3.818412964428699e+29
9.529529529529529e-01	3.823027120665079e+29
9.539539539539540e-01	3.827642734820412e+29
9.549549549549550e-01	3.832259806414488e+29
9.559559559559559e-01	3.836878334964955e+29
9.569569569569569e-01	3.841498319990928e+29
9.579579579579579e-01	3.846119761011694e+29
9.589589589589590e-01	3.850742657546361e+29
9.599599599599600e-01	3.855367009113858e+29
9.609609609609610e-01	3.859992815232943e+29
9.619619619619619e-01	3.864620075422204e+29
9.629629629629629e-01	3.869248789200062e+29
9.639639639639640e-01	3.873878956084776e+29
9.649649649649650e-01	3.878510575594447e+29
9.659659659659660e-01	3.883143647247022e+29
9.669669669669669e-01	3.887778170560294e+29
9.679679679679679e-01	3.892414145051910e+29
9.689689689689690e-01	3.897051570239372e+29
9.699699699699700e-01	3.901690445640040e+29
9.709709709709710e-01	3.906330770771139e+29
9.719719719719719e-01	3.910972545149759e+29
9.729729729729729e-01	3.915615768292860e+29
9.739739739739740e-01	3.920260439717274e+29
9.749749749749750e-01	3.924906558939712e+29
9.759759759759760e-01	3.929554125476763e+29
9.769769769769769e-01	3.934203138844901e+29
9.779779779779779e-01	3.938853598560484e+29
9.789789789789790e-01	3.943505504139768e+29
9.799799799799800e-01	3.948158855098892e+29
9.809809809809810e-01	3.952813650953900e+29
9.819819819819819e-01	3.957469891220735e+29
9.829829829829829e-01	3.962127575415243e+29
9.839839839839840e-01	3.966786703053179e+29
9.849849849849850e-01	3.971447273650205e+29
9.859859859859860e-01	3.976109286721902e+29
9.869869869869869e-01	3.980772741783765e+29
9.879879879879879e-01	3.985437638351211e+29
9.889889889889890e-01	3.990103975939581e+29
9.899899899899900e-01	3.994771754064143e+29
9.909909909909910e-01	3.999440972240096e+29
9.919919919919920e-01	4.004111629982573e+29
9.929929929929930e-01	4.008783726806646e+29
9.939939939939940e-01	4.013457262227322e+29
9.949949949949950e-01	4.018132235759559e+29
9.959959959959960e-01	4.022808646918257e+29
9.969969969969970e-01	4.027486495216517e+29
9.979979979979980e-01	4.032165780166162e+29
9.989989989989990e-01	4.036846501281593e+29
1.000000000000000e+00	4.041528658077193e+29
