0.000000000000000e+00	1.000000000000000e+17
1.001001001001001e-03	1.001001001001001e+17
2.002002002002002e-03	1.002002002002002e+17
3.003003003003003e-03	1.003003003003003e+17
4.004004004004004e-03	1.004004004004004e+17
5.005005005005005e-03	1.005005005005005e+17
6.006006006006006e-03	1.006006006006006e+17
7.007007007007007e-03	1.007007007007007e+17
8.008008008008008e-03	1.008008008008008e+17
9.009009009009009e-03	1.009009009009009e+17
1.001001001001001e-02	1.010010010010010e+17
1.101101101101101e-02	1.011011011011011e+17
1.201201201201201e-02	1.012012012012012e+17
1.301301301301301e-02	1.013013013013013e+17
1.401401401401401e-02	1.014014014014014e+17
1.501501501501501e-02	1.015015015015015e+17
1.601601601601602e-02	1.016016016016016e+17
1.701701701701702e-02	1.017017017017017e+17
1.801801801801802e-02	1.018018018018018e+17
1.901901901901902e-02	1.019019019019019e+17
2.002002002002002e-02	1.020020020020020e+17
2.102102102102102e-02	1.021021021021021e+17
2.202202202202202e-02	1.022022022022022e+17
2.302302302302302e-02	1.023023023023023e+17
2.402402402402402e-02	1.024024024024024e+17
2.502502502502502e-02	1.025025025025025e+17
2.602602602602603e-02	1.026026026026026e+17
2.702702702702703e-02	1.027027027032537e+17
2.802802802802803e-02	1.028028028071729e+17
2.902902902902903e-02	1.029029029110922e+17
3.003003003003003e-02	1.030030030150114e+17
3.103103103103103e-02	1.031031031189307e+17
3.203203203203203e-02	1.032032032228499e+17
3.303303303303303e-02	1.033033033267691e+17
3.403403403403403e-02	1.034034034306884e+17
3.503503503503504e-02	1.035035035346076e+17
3.603603603603604e-02	1.036036036385269e+17
3.703703703703703e-02	1.037037037424461e+17
3.803803803803804e-02	1.038038038463654e+17
3.903903903903904e-02	1.039039039502846e+17
4.004004004004004e-02	1.040040040542039e+17
4.104104104104104e-02	1.041041041581231e+17
4.204204204204204e-02	1.042042042620423e+17
4.304304304304304e-02	1.043043043659616e+17
4.404404404404404e-02	1.044044044698808e+17
4.504504504504504e-02	1.045045045738001e+17
4.604604604604605e-02	1.046046046777193e+17
4.704704704704705e-02	1.047047047816386e+17
4.804804804804805e-02	1.048048048855578e+17
4.904904904904905e-02	1.049049049894770e+17
5.005005005005005e-02	1.050050050933963e+17
5.105105105105105e-02	1.051051051973155e+17
5.205205205205205e-02	1.052052053012348e+17
5.305305305305305e-02	1.053053054051540e+17
5.405405405405406e-02	1.054054055090733e+17
5.505505505505506e-02	1.055055056129925e+17
5.605605605605606e-02	1.056056057169117e+17
5.705705705705705e-02	1.057057058208310e+17
5.805805805805805e-02	1.058058059247502e+17
5.905905905905906e-02	1.059059060286695e+17
6.006006006006006e-02	1.060060061325887e+17
6.106106106106106e-02	1.061061062365080e+17
6.206206206206206e-02	1.062062063404272e+17
6.306306306306306e-02	1.063063064443465e+17
6.406406406406406e-02	1.064064065482657e+17
6.506506506506507e-02	1.065065066521849e+17
6.606606606606606e-02	1.066066067561042e+17
6.706706706706707e-02	1.067067068600234e+17
6.806806806806806e-02	1.068068069639427e+17
6.906906906906907e-02	1.069069070678619e+17
7.007007007007007e-02	1.070070071717812e+17
7.107107107107107e-02	1.071071072757004e+17
7.207207207207207e-02	1.072072073796196e+17
7.307307307307308e-02	1.073073074835389e+17
7.407407407407407e-02	1.074074075874581e+17
7.507507507507508e-02	1.075075076913774e+17
7.607607607607608e-02	1.076076077952966e+17
7.707707707707707e-02	1.077077078992159e+17
7.807807807807808e-02	1.078078080031351e+17
7.907907907907907e-02	1.079079081070544e+17
8.008008008008008e-02	1.080080082109736e+17
8.108108108108109e-02	1.081081083148928e+17
8.208208208208208e-02	1.082082084188121e+17
8.308308308308308e-02	1.083083085227313e+17
8.408408408408408e-02	1.084084086266506e+17
8.508508508508508e-02	1.085085087305698e+17
8.608608608608609e-02	1.086086088344891e+17
8.708708708708708e-02	1.087087089384083e+17
8.808808808808809e-02	1.088088090423276e+17
8.908908908908909e-02	1.089089091462468e+17
9.009009009009009e-02	1.090090092501660e+17
9.109109109109109e-02	1.091091093540853e+17
9.209209209209210e-02	1.092092094580045e+17
9.309309309309309e-02	1.093093095619238e+17
9.409409409409410e-02	1.094094096658430e+17
9.509509509509509e-02	1.095095097697623e+17
9.609609609609610e-02	1.096096098736815e+17
9.709709709709710e-02	1.097097099776008e+17
9.809809809809809e-02	1.098098100815200e+17
9.909909909909910e-02	1.099099101854392e+17
1.001001001001001e-01	1.100100102893585e+17
1.011011011011011e-01	1.101101103932777e+17
1.021021021021021e-01	1.102102104971970e+17
1.031031031031031e-01	1.103103106011162e+17
1.041041041041041e-01	1.104104107050355e+17
1.051051051051051e-01	1.105105108089547e+17
1.061061061061061e-01	1.106106109128739e+17
1.071071071071071e-01	1.107107110167932e+17
1.081081081081081e-01	1.108108111207124e+17
1.091091091091091e-01	1.109109112246317e+17
1.101101101101101e-01	1.110110113285509e+17
1.111111111111111e-01	1.111111114324702e+17
1.121121121121121e-01	1.112112115363894e+17
1.131131131131131e-01	1.113113116403087e+17
1.141141141141141e-01	1.114114117442279e+17
1.151151151151151e-01	1.115115118481471e+17
1.161161161161161e-01	1.116116119520664e+17
1.171171171171171e-01	1.117117120559856e+17
1.181181181181181e-01	1.118118121599049e+17
1.191191191191191e-01	1.119119122638241e+17
1.201201201201201e-01	1.120120123677434e+17
1.211211211211211e-01	1.121121124716626e+17
1.221221221221221e-01	1.122122125755818e+17
1.231231231231231e-01	1.123123126795011e+17
1.241241241241241e-01	1.124124127834203e+17
1.251251251251251e-01	1.125125128873396e+17
1.261261261261261e-01	1.126126129912588e+17
1.271271271271271e-01	1.127127130951781e+17
1.281281281281281e-01	1.128128131990973e+17
1.291291291291291e-01	1.129129133030166e+17
1.301301301301301e-01	1.130130134069358e+17
1.311311311311311e-01	1.131131135108550e+17
1.321321321321321e-01	1.132132136147743e+17
1.331331331331331e-01	1.133133137186935e+17
1.341341341341341e-01	1.134134138226128e+17
1.351351351351351e-01	1.135135139265320e+17
1.361361361361361e-01	1.136136140304513e+17
1.371371371371371e-01	1.137137141343705e+17
1.381381381381381e-01	1.138138142382897e+17
1.391391391391391e-01	1.139139143422090e+17
1.401401401401401e-01	1.140140144461282e+17
1.411411411411412e-01	1.141141145500475e+17
1.421421421421421e-01	1.142142146539667e+17
1.431431431431431e-01	1.143143147578860e+17
1.441441441441441e-01	1.144144148618052e+17
1.451451451451451e-01	1.145145149657244e+17
1.461461461461462e-01	1.146146150696437e+17
1.471471471471471e-01	1.147147151735629e+17
1.481481481481481e-01	1.148148152774822e+17
1.491491491491491e-01	1.149149153822688e+17
1.501501501501502e-01	1.150150154979320e+17
1.511511511511512e-01	1.151151156135952e+17
1.521521521521522e-01	1.152152157292584e+17
1.531531531531531e-01	1.153153158449216e+17
1.541541541541541e-01	1.154154159605848e+17
1.551551551551552e-01	1.155155160762480e+17
1.561561561561562e-01	1.156156161919112e+17
1.571571571571572e-01	1.157157163075744e+17
1.581581581581581e-01	1.158158164232375e+17
1.591591591591592e-01	1.159159165389007e+17
1.601601601601602e-01	1.160160166545639e+17
1.611611611611612e-01	1.161161167702271e+17
1.621621621621622e-01	1.162162168858903e+17
1.631631631631631e-01	1.163163170015535e+17
1.641641641641642e-01	1.164164171172167e+17
1.651651651651652e-01	1.165165172328799e+17
1.661661661661662e-01	1.166166173485431e+17
1.671671671671672e-01	1.167167174642063e+17
1.681681681681682e-01	1.168168175798695e+17
1.691691691691692e-01	1.169169176955327e+17
1.701701701701702e-01	1.170170178111959e+17
1.711711711711712e-01	1.171171179268591e+17
1.721721721721722e-01	1.172172180425223e+17
1.731731731731732e-01	1.173173181581855e+17
1.741741741741742e-01	1.174174182738487e+17
1.751751751751752e-01	1.175175183895119e+17
1.761761761761762e-01	1.176176185051751e+17
1.771771771771772e-01	1.177177186208383e+17
1.781781781781782e-01	1.178178187365014e+17
1.791791791791792e-01	1.179179188521646e+17
1.801801801801802e-01	1.180180189678278e+17
1.811811811811812e-01	1.181181190834910e+17
1.821821821821822e-01	1.182182191991542e+17
1.831831831831832e-01	1.183183193148174e+17
1.841841841841842e-01	1.184184194304806e+17
1.851851851851852e-01	1.185185195461438e+17
1.861861861861862e-01	1.186186196618070e+17
1.871871871871872e-01	1.187187197774702e+17
1.881881881881882e-01	1.188188198931334e+17
1.891891891891892e-01	1.189189200087966e+17
1.901901901901902e-01	1.190190201244598e+17
1.911911911911912e-01	1.191191202401230e+17
1.921921921921922e-01	1.192192203557862e+17
1.931931931931932e-01	1.193193213796001e+17
1.941941941941942e-01	1.194194214961469e+17
1.951951951951952e-01	1.195195216136470e+17
1.961961961961962e-01	1.196196217321004e+17
1.971971971971972e-01	1.197197218515072e+17
1.981981981981982e-01	1.198198219718672e+17
1.991991991991992e-01	1.199199220931806e+17
2.002002002002002e-01	1.200200222154472e+17
2.012012012012012e-01	1.201201223386672e+17
2.022022022022022e-01	1.202202224628406e+17
2.032032032032032e-01	1.203203225879672e+17
2.042042042042042e-01	1.204204227140471e+17
2.052052052052052e-01	1.205205228410804e+17
2.062062062062062e-01	1.206206229690670e+17
2.072072072072072e-01	1.207207230980069e+17
2.082082082082082e-01	1.208208232279001e+17
2.092092092092092e-01	1.209209233587466e+17
2.102102102102102e-01	1.210210234905465e+17
2.112112112112112e-01	1.211211236232997e+17
2.122122122122122e-01	1.212212237570062e+17
2.132132132132132e-01	1.213213238916660e+17
2.142142142142142e-01	1.214214240272791e+17
2.152152152152152e-01	1.215215241638455e+17
2.162162162162162e-01	1.216216243013653e+17
2.172172172172172e-01	1.217217244398384e+17
2.182182182182182e-01	1.218218245792648e+17
2.192192192192192e-01	1.219219247196444e+17
2.202202202202202e-01	1.220220248609775e+17
2.212212212212212e-01	1.221221250032638e+17
2.222222222222222e-01	1.222222251465035e+17
2.232232232232232e-01	1.223223252906965e+17
2.242242242242242e-01	1.224224254358428e+17
2.252252252252252e-01	1.225225255819424e+17
2.262262262262262e-01	1.226226257289953e+17
2.272272272272272e-01	1.227227258770016e+17
2.282282282282282e-01	1.228228260259611e+17
2.292292292292292e-01	1.229229261758740e+17
2.302302302302302e-01	1.230230263267402e+17
2.312312312312312e-01	1.231231264785597e+17
2.322322322322322e-01	1.232232266313325e+17
2.332332332332332e-01	1.233233267850587e+17
2.342342342342342e-01	1.234234269397382e+17
2.352352352352352e-01	1.235235270953710e+17
2.362362362362362e-01	1.236236272519571e+17
2.372372372372372e-01	1.237237274104058e+17
2.382382382382382e-01	1.238238275727258e+17
2.392392392392392e-01	1.239239277389895e+17
2.402402402402402e-01	1.240240279091970e+17
2.412412412412412e-01	1.241241280833482e+17
2.422422422422423e-01	1.242242282614431e+17
2.432432432432432e-01	1.243243284434818e+17
2.442442442442442e-01	1.244244286294642e+17
2.452452452452452e-01	1.245245288193903e+17
2.462462462462462e-01	1.246246290132602e+17
2.472472472472473e-01	1.247247292110738e+17
2.482482482482483e-01	1.248248294128311e+17
2.492492492492492e-01	1.249249296185322e+17
2.502502502502503e-01	1.250250298281770e+17
2.512512512512513e-01	1.251251300417655e+17
2.522522522522522e-01	1.252252302592977e+17
2.532532532532533e-01	1.253253304807737e+17
2.542542542542542e-01	1.254254307061935e+17
2.552552552552553e-01	1.255255309355569e+17
2.562562562562563e-01	1.256256311688641e+17
2.572572572572572e-01	1.257257314061151e+17
2.582582582582583e-01	1.258258316473097e+17
2.592592592592592e-01	1.259259318924481e+17
2.602602602602603e-01	1.260260321415302e+17
2.612612612612613e-01	1.261261323945561e+17
2.622622622622622e-01	1.262262326515257e+17
2.632632632632633e-01	1.263263329124390e+17
2.642642642642642e-01	1.264264331772961e+17
2.652652652652653e-01	1.265265334460969e+17
2.662662662662663e-01	1.266266337188414e+17
2.672672672672672e-01	1.267267339955297e+17
2.682682682682683e-01	1.268268342761617e+17
2.692692692692693e-01	1.269269345607374e+17
2.702702702702703e-01	1.270270348492568e+17
2.712712712712713e-01	1.271271351417200e+17
2.722722722722722e-01	1.272272354381270e+17
2.732732732732733e-01	1.273273357384776e+17
2.742742742742743e-01	1.274274360427720e+17
2.752752752752753e-01	1.275275363510101e+17
2.762762762762763e-01	1.276276366631920e+17
2.772772772772773e-01	1.277277369793176e+17
2.782782782782783e-01	1.278278372993869e+17
2.792792792792793e-01	1.279279376234000e+17
2.802802802802803e-01	1.280280379513568e+17
2.812812812812813e-01	1.281281382832573e+17
2.822822822822823e-01	1.282282386191016e+17
2.832832832832833e-01	1.283283389588896e+17
2.842842842842843e-01	1.284284393026213e+17
2.852852852852853e-01	1.285285396502967e+17
2.862862862862863e-01	1.286286400019159e+17
2.872872872872873e-01	1.287287403574788e+17
2.882882882882883e-01	1.288288407169855e+17
2.892892892892893e-01	1.289289410804359e+17
2.902902902902903e-01	1.290290414478300e+17
2.912912912912913e-01	1.291291418191679e+17
2.922922922922923e-01	1.292292421944495e+17
2.932932932932933e-01	1.293293425736748e+17
2.942942942942943e-01	1.294294429568438e+17
2.952952952952953e-01	1.295295433439566e+17
2.962962962962963e-01	1.296296437350132e+17
2.972972972972973e-01	1.297297441300134e+17
2.982982982982983e-01	1.298298445289574e+17
2.992992992992993e-01	1.299299449320146e+17
3.003003003003003e-01	1.300300453448260e+17
3.013013013013013e-01	1.301301457701359e+17
3.023023023023023e-01	1.302302462079444e+17
3.033033033033033e-01	1.303303466582513e+17
3.043043043043043e-01	1.304304471210568e+17
3.053053053053053e-01	1.305305475963607e+17
3.063063063063063e-01	1.306306480841632e+17
3.073073073073073e-01	1.307307485844641e+17
3.083083083083083e-01	1.308308490972636e+17
3.093093093093093e-01	1.309309496225616e+17
3.103103103103103e-01	1.310310501603580e+17
3.113113113113113e-01	1.311311507106530e+17
3.123123123123123e-01	1.312312512734465e+17
3.133133133133133e-01	1.313313518487385e+17
3.143143143143143e-01	1.314314524365290e+17
3.153153153153153e-01	1.315315530368180e+17
3.163163163163163e-01	1.316316536496055e+17
3.173173173173173e-01	1.317317542748915e+17
3.183183183183183e-01	1.318318549126760e+17
3.193193193193193e-01	1.319319555629590e+17
3.203203203203203e-01	1.320320562257405e+17
3.213213213213213e-01	1.321321569010205e+17
3.223223223223223e-01	1.322322575887990e+17
3.233233233233233e-01	1.323323582890760e+17
3.243243243243243e-01	1.324324590018515e+17
3.253253253253253e-01	1.325325597271256e+17
3.263263263263263e-01	1.326326604648981e+17
3.273273273273273e-01	1.327327612151691e+17
3.283283283283283e-01	1.328328619779386e+17
3.293293293293293e-01	1.329329627532067e+17
3.303303303303303e-01	1.330330635409732e+17
3.313313313313313e-01	1.331331643412383e+17
3.323323323323323e-01	1.332332651540018e+17
3.333333333333333e-01	1.333333659792639e+17
3.343343343343343e-01	1.334334668170244e+17
3.353353353353353e-01	1.335335676672835e+17
3.363363363363363e-01	1.336336685300410e+17
3.373373373373373e-01	1.337337694052971e+17
3.383383383383383e-01	1.338338702930517e+17
3.393393393393394e-01	1.339339711933048e+17
3.403403403403403e-01	1.340340721098718e+17
3.413413413413414e-01	1.341341730528076e+17
3.423423423423423e-01	1.342342740226453e+17
3.433433433433433e-01	1.343343750193850e+17
3.443443443443444e-01	1.344344760430268e+17
3.453453453453453e-01	1.345345770935705e+17
3.463463463463464e-01	1.346346781710162e+17
3.473473473473473e-01	1.347347792753639e+17
3.483483483483483e-01	1.348348804066136e+17
3.493493493493494e-01	1.349349815647654e+17
3.503503503503503e-01	1.350350827498191e+17
3.513513513513514e-01	1.351351839617748e+17
3.523523523523523e-01	1.352352852006325e+17
3.533533533533533e-01	1.353353864663922e+17
3.543543543543544e-01	1.354354877590539e+17
3.553553553553553e-01	1.355355890786176e+17
3.563563563563564e-01	1.356356904250832e+17
3.573573573573574e-01	1.357357917984509e+17
3.583583583583583e-01	1.358358931987206e+17
3.593593593593594e-01	1.359359946258923e+17
3.603603603603603e-01	1.360360960799660e+17
3.613613613613614e-01	1.361361975609417e+17
3.623623623623624e-01	1.362362990688193e+17
3.633633633633633e-01	1.363364006035990e+17
3.643643643643644e-01	1.364365021652807e+17
3.653653653653653e-01	1.365366037538643e+17
3.663663663663664e-01	1.366367053693500e+17
3.673673673673674e-01	1.367368070117376e+17
3.683683683683684e-01	1.368369086810273e+17
3.693693693693694e-01	1.369370103772189e+17
3.703703703703703e-01	1.370371121003126e+17
3.713713713713714e-01	1.371372138503082e+17
3.723723723723724e-01	1.372373156335164e+17
3.733733733733734e-01	1.373374174644444e+17
3.743743743743744e-01	1.374375193436675e+17
3.753753753753754e-01	1.375376212711858e+17
3.763763763763764e-01	1.376377232469993e+17
3.773773773773774e-01	1.377378252711079e+17
3.783783783783784e-01	1.378379273435117e+17
3.793793793793794e-01	1.379380294642107e+17
3.803803803803804e-01	1.380381316332048e+17
3.813813813813814e-01	1.381382338504941e+17
3.823823823823824e-01	1.382383361160786e+17
3.833833833833834e-01	1.383384384299582e+17
3.843843843843844e-01	1.384385407921330e+17
3.853853853853854e-01	1.385386432026029e+17
3.863863863863864e-01	1.386387456613680e+17
3.873873873873874e-01	1.387388481684283e+17
3.883883883883884e-01	1.388389507237837e+17
3.893893893893894e-01	1.389390533274343e+17
3.903903903903904e-01	1.390391559793800e+17
3.913913913913914e-01	1.391392586796210e+17
3.923923923923924e-01	1.392393614281570e+17
3.933933933933934e-01	1.393394642249883e+17
3.943943943943944e-01	1.394395670701147e+17
3.953953953953954e-01	1.395396699635363e+17
3.963963963963964e-01	1.396397729052530e+17
3.973973973973974e-01	1.397398758952649e+17
3.983983983983984e-01	1.398399789344322e+17
3.993993993993994e-01	1.399400820444419e+17
4.004004004004004e-01	1.400401852347265e+17
4.014014014014014e-01	1.401402885052860e+17
4.024024024024024e-01	1.402403918561205e+17
4.034034034034034e-01	1.403404952872299e+17
4.044044044044044e-01	1.404405987986143e+17
4.054054054054054e-01	1.405407023902735e+17
4.064064064064064e-01	1.406408060622077e+17
4.074074074074074e-01	1.407409098144168e+17
4.084084084084084e-01	1.408410136469008e+17
4.094094094094094e-01	1.409411175596598e+17
4.104104104104104e-01	1.410412215526936e+17
4.114114114114114e-01	1.411413256260024e+17
4.124124124124124e-01	1.412414297795862e+17
4.134134134134134e-01	1.413415340134448e+17
4.144144144144144e-01	1.414416383275784e+17
4.154154154154154e-01	1.415417427219869e+17
4.164164164164164e-01	1.416418471966703e+17
4.174174174174174e-01	1.417419517516287e+17
4.184184184184184e-01	1.418420563868620e+17
4.194194194194194e-01	1.419421611023702e+17
4.204204204204204e-01	1.420422658981533e+17
4.214214214214214e-01	1.421423707742113e+17
4.224224224224224e-01	1.422424757305443e+17
4.234234234234234e-01	1.423425807671522e+17
4.244244244244244e-01	1.424426858840350e+17
4.254254254254254e-01	1.425427910913386e+17
4.264264264264264e-01	1.426428964188902e+17
4.274274274274274e-01	1.427430018686287e+17
4.284284284284284e-01	1.428431074405544e+17
4.294294294294294e-01	1.429432131346670e+17
4.304304304304304e-01	1.430433189509667e+17
4.314314314314314e-01	1.431434248894534e+17
4.324324324324325e-01	1.432435309501272e+17
4.334334334334334e-01	1.433436371329880e+17
4.344344344344344e-01	1.434437434380359e+17
4.354354354354354e-01	1.435438498652707e+17
4.364364364364364e-01	1.436439564146927e+17
4.374374374374375e-01	1.437440630863016e+17
4.384384384384384e-01	1.438441698800976e+17
4.394394394394394e-01	1.439442767960806e+17
4.404404404404405e-01	1.440443838342507e+17
4.414414414414414e-01	1.441444909946078e+17
4.424424424424425e-01	1.442445982771519e+17
4.434434434434434e-01	1.443447056818831e+17
4.444444444444444e-01	1.444448132088013e+17
4.454454454454455e-01	1.445449208756460e+17
4.464464464464464e-01	1.446450287150562e+17
4.474474474474475e-01	1.447451367277415e+17
4.484484484484484e-01	1.448452449137019e+17
4.494494494494494e-01	1.449453532729374e+17
4.504504504504505e-01	1.450454618054480e+17
4.514514514514514e-01	1.451455705112337e+17
4.524524524524525e-01	1.452456793902945e+17
4.534534534534534e-01	1.453457884426304e+17
4.544544544544544e-01	1.454458976682414e+17
4.554554554554555e-01	1.455460070671275e+17
4.564564564564564e-01	1.456461166392887e+17
4.574574574574575e-01	1.457462263847250e+17
4.584584584584585e-01	1.458463363034364e+17
4.594594594594594e-01	1.459464463954229e+17
4.604604604604605e-01	1.460465566606845e+17
4.614614614614614e-01	1.461466670992212e+17
4.624624624624625e-01	1.462467777110330e+17
4.634634634634635e-01	1.463468884961198e+17
4.644644644644644e-01	1.464469994544818e+17
4.654654654654655e-01	1.465471106153428e+17
4.664664664664664e-01	1.466472220114592e+17
4.674674674674675e-01	1.467473336428573e+17
4.684684684684685e-01	1.468474455095373e+17
4.694694694694695e-01	1.469475576114990e+17
4.704704704704705e-01	1.470476699487424e+17
4.714714714714714e-01	1.471477825212676e+17
4.724724724724725e-01	1.472478953290747e+17
4.734734734734735e-01	1.473480083721634e+17
4.744744744744745e-01	1.474481216505339e+17
4.754754754754755e-01	1.475482351641861e+17
4.764764764764765e-01	1.476483489131202e+17
4.774774774774775e-01	1.477484628973359e+17
4.784784784784785e-01	1.478485771168335e+17
4.794794794794795e-01	1.479486915716128e+17
4.804804804804805e-01	1.480488062616739e+17
4.814814814814815e-01	1.481489212031579e+17
4.824824824824825e-01	1.482490364484762e+17
4.834834834834835e-01	1.483491520016547e+17
4.844844844844845e-01	1.484492678626934e+17
4.854854854854855e-01	1.485493840315922e+17
4.864864864864865e-01	1.486495005083512e+17
4.874874874874875e-01	1.487496172929704e+17
4.884884884884885e-01	1.488497343854497e+17
4.894894894894895e-01	1.489498517857892e+17
4.904904904904905e-01	1.490499694939889e+17
4.914914914914915e-01	1.491500875100487e+17
4.924924924924925e-01	1.492502058339688e+17
4.934934934934935e-01	1.493503244657489e+17
4.944944944944945e-01	1.494504434053893e+17
4.954954954954955e-01	1.495505626528898e+17
4.964964964964965e-01	1.496506822082505e+17
4.974974974974975e-01	1.497507982706916e+17
4.984984984984985e-01	1.498509191935294e+17
4.994994994994995e-01	1.499510404319127e+17
5.005005005005005e-01	1.500511619914801e+17
5.015015015015015e-01	1.501512838778700e+17
5.025025025025025e-01	1.502514060967212e+17
5.035035035035035e-01	1.503515286536723e+17
5.045045045045045e-01	1.504516515543617e+17
5.055055055055055e-01	1.505517748044282e+17
5.065065065065065e-01	1.506518984095103e+17
5.075075075075075e-01	1.507520223752466e+17
5.085085085085085e-01	1.508521467072756e+17
5.095095095095095e-01	1.509522714112361e+17
5.105105105105106e-01	1.510523964927666e+17
5.115115115115115e-01	1.511525219575056e+17
5.125125125125125e-01	1.512526478110918e+17
5.135135135135135e-01	1.513527740592301e+17
5.145145145145145e-01	1.514529007293492e+17
5.155155155155156e-01	1.515530278470041e+17
5.165165165165165e-01	1.516531554214601e+17
5.175175175175175e-01	1.517532834619827e+17
5.185185185185185e-01	1.518534119778374e+17
5.195195195195195e-01	1.519535409782895e+17
5.205205205205206e-01	1.520536704726047e+17
5.215215215215215e-01	1.521538004700481e+17
5.225225225225225e-01	1.522539309798854e+17
5.235235235235235e-01	1.523540620113820e+17
5.245245245245245e-01	1.524541935738032e+17
5.255255255255256e-01	1.525543256764146e+17
5.265265265265265e-01	1.526544583284815e+17
5.275275275275275e-01	1.527545915392695e+17
5.285285285285285e-01	1.528547253180439e+17
5.295295295295295e-01	1.529548596740702e+17
5.305305305305306e-01	1.530549946166139e+17
5.315315315315315e-01	1.531551301549403e+17
5.325325325325325e-01	1.532552662983150e+17
5.335335335335335e-01	1.533554030560033e+17
5.345345345345345e-01	1.534555404372899e+17
5.355355355355356e-01	1.535556784526668e+17
5.365365365365365e-01	1.536558171122620e+17
5.375375375375375e-01	1.537559564255228e+17
5.385385385385385e-01	1.538560964018964e+17
5.395395395395395e-01	1.539562370508299e+17
5.405405405405406e-01	1.540563783817705e+17
5.415415415415415e-01	1.541565204041655e+17
5.425425425425425e-01	1.542566631274620e+17
5.435435435435435e-01	1.543568065611072e+17
5.445445445445445e-01	1.544569507145483e+17
5.455455455455456e-01	1.545570955972324e+17
5.465465465465466e-01	1.546572412186069e+17
5.475475475475475e-01	1.547573875881189e+17
5.485485485485485e-01	1.548575347152155e+17
5.495495495495496e-01	1.549576826093440e+17
5.505505505505506e-01	1.550578312799515e+17
5.515515515515516e-01	1.551579807364852e+17
5.525525525525525e-01	1.552581309883925e+17
5.535535535535535e-01	1.553582820451203e+17
5.545545545545546e-01	1.554584339161160e+17
5.555555555555556e-01	1.555585866116155e+17
5.565565565565566e-01	1.556587401629084e+17
5.575575575575575e-01	1.557588945915274e+17
5.585585585585585e-01	1.558590499098912e+17
5.595595595595596e-01	1.559592061304186e+17
5.605605605605606e-01	1.560593632655282e+17
5.615615615615616e-01	1.561595213276387e+17
5.625625625625625e-01	1.562596803291689e+17
5.635635635635635e-01	1.563598402825375e+17
5.645645645645646e-01	1.564600012001633e+17
5.655655655655656e-01	1.565601630944648e+17
5.665665665665666e-01	1.566603259778608e+17
5.675675675675675e-01	1.567604898627701e+17
5.685685685685685e-01	1.568606547616113e+17
5.695695695695696e-01	1.569608206868032e+17
5.705705705705706e-01	1.570609876507645e+17
5.715715715715716e-01	1.571611556659138e+17
5.725725725725725e-01	1.572613247446700e+17
5.735735735735735e-01	1.573614948994517e+17
5.745745745745746e-01	1.574616661426777e+17
5.755755755755756e-01	1.575618384867666e+17
5.765765765765766e-01	1.576620132939307e+17
5.775775775775776e-01	1.577621876668684e+17
5.785785785785785e-01	1.578623632565398e+17
5.795795795795796e-01	1.579625400756877e+17
5.805805805805806e-01	1.580627181372341e+17
5.815815815815816e-01	1.581628974542804e+17
5.825825825825826e-01	1.582630780401071e+17
5.835835835835835e-01	1.583632599081741e+17
5.845845845845846e-01	1.584634430721207e+17
5.855855855855856e-01	1.585636275457654e+17
5.865865865865866e-01	1.586638133431060e+17
5.875875875875876e-01	1.587640004783195e+17
5.885885885885885e-01	1.588641889657624e+17
5.895895895895896e-01	1.589643788199702e+17
5.905905905905906e-01	1.590645700556581e+17
5.915915915915916e-01	1.591647626877202e+17
5.925925925925926e-01	1.592649567312301e+17
5.935935935935935e-01	1.593651522014406e+17
5.945945945945946e-01	1.594653491137839e+17
5.955955955955956e-01	1.595655474838715e+17
5.965965965965966e-01	1.596657473274939e+17
5.975975975975976e-01	1.597659486631032e+17
5.985985985985985e-01	1.598661515322073e+17
5.995995995995996e-01	1.599663559609994e+17
6.006006006006006e-01	1.600665619701779e+17
6.016016016016016e-01	1.601667695807782e+17
6.026026026026026e-01	1.602669788141718e+17
6.036036036036035e-01	1.603671896920671e+17
6.046046046046046e-01	1.604674022365089e+17
6.056056056056056e-01	1.605676164698785e+17
6.066066066066066e-01	1.606678324148940e+17
6.076076076076076e-01	1.607680500946099e+17
6.086086086086087e-01	1.608682695324173e+17
6.096096096096096e-01	1.609684907520439e+17
6.106106106106106e-01	1.610687137775538e+17
6.116116116116116e-01	1.611689386333480e+17
6.126126126126126e-01	1.612691653441637e+17
6.136136136136137e-01	1.613693939350750e+17
6.146146146146146e-01	1.614696244314923e+17
6.156156156156156e-01	1.615698568591626e+17
6.166166166166166e-01	1.616700912441697e+17
6.176176176176176e-01	1.617703276129337e+17
6.186186186186187e-01	1.618705659922114e+17
6.196196196196196e-01	1.619708064090961e+17
6.206206206206206e-01	1.620710488910178e+17
6.216216216216216e-01	1.621712934657428e+17
6.226226226226226e-01	1.622715401605511e+17
6.236236236236237e-01	1.623717890006657e+17
6.246246246246246e-01	1.624720400140940e+17
6.256256256256256e-01	1.625722932294236e+17
6.266266266266266e-01	1.626725486755589e+17
6.276276276276276e-01	1.627728063817215e+17
6.286286286286287e-01	1.628730663774499e+17
6.296296296296297e-01	1.629733286925998e+17
6.306306306306306e-01	1.630735933573437e+17
6.316316316316316e-01	1.631738604021713e+17
6.326326326326326e-01	1.632741298578894e+17
6.336336336336337e-01	1.633744017556216e+17
6.346346346346347e-01	1.634746761268088e+17
6.356356356356356e-01	1.635749530032086e+17
6.366366366366366e-01	1.636752324168961e+17
6.376376376376376e-01	1.637755144002628e+17
6.386386386386387e-01	1.638757989860180e+17
6.396396396396397e-01	1.639760862071873e+17
6.406406406406406e-01	1.640763760971138e+17
6.416416416416416e-01	1.641766686894574e+17
6.426426426426426e-01	1.642769640181953e+17
6.436436436436437e-01	1.643772621176214e+17
6.446446446446447e-01	1.644775630223469e+17
6.456456456456456e-01	1.645778667672998e+17
6.466466466466466e-01	1.646781733877253e+17
6.476476476476476e-01	1.647784829228050e+17
6.486486486486487e-01	1.648787954147730e+17
6.496496496496497e-01	1.649791109010505e+17
6.506506506506506e-01	1.650794294193538e+17
6.516516516516516e-01	1.651797510077604e+17
6.526526526526526e-01	1.652800757047091e+17
6.536536536536537e-01	1.653804035490002e+17
6.546546546546547e-01	1.654807345797953e+17
6.556556556556556e-01	1.655810688366174e+17
6.566566566566566e-01	1.656814063593508e+17
6.576576576576576e-01	1.657817471882411e+17
6.586586586586587e-01	1.658820913638956e+17
6.596596596596597e-01	1.659824389272825e+17
6.606606606606606e-01	1.660827899197317e+17
6.616616616616616e-01	1.661831443829343e+17
6.626626626626626e-01	1.662835023589428e+17
6.636636636636637e-01	1.663838638901712e+17
6.646646646646647e-01	1.664842290193946e+17
6.656656656656657e-01	1.665845977897496e+17
6.666666666666666e-01	1.666849702447342e+17
6.676676676676676e-01	1.667853464282078e+17
6.686686686686687e-01	1.668857263843910e+17
6.696696696696697e-01	1.669861101578659e+17
6.706706706706707e-01	1.670864977935759e+17
6.716716716716716e-01	1.671868893369720e+17
6.726726726726726e-01	1.672872848460211e+17
6.736736736736737e-01	1.673876843763281e+17
6.746746746746747e-01	1.674880879767774e+17
6.756756756756757e-01	1.675884956967096e+17
6.766766766766766e-01	1.676889075859212e+17
6.776776776776777e-01	1.677893236946647e+17
6.786786786786787e-01	1.678897440736485e+17
6.796796796796797e-01	1.679901687740370e+17
6.806806806806807e-01	1.680905978474506e+17
6.816816816816816e-01	1.681910313459656e+17
6.826826826826827e-01	1.682914693221145e+17
6.836836836836837e-01	1.683919118288854e+17
6.846846846846847e-01	1.684923589197227e+17
6.856856856856857e-01	1.685928106485266e+17
6.866866866866866e-01	1.686932670696533e+17
6.876876876876877e-01	1.687937282379152e+17
6.886886886886887e-01	1.688941942085802e+17
6.896896896896897e-01	1.689946650373726e+17
6.906906906906907e-01	1.690951407804725e+17
6.916916916916916e-01	1.691956214945160e+17
6.926926926926927e-01	1.692961072365952e+17
6.936936936936937e-01	1.693965980642580e+17
6.946946946946947e-01	1.694970940355085e+17
6.956956956956957e-01	1.695975952088068e+17
6.966966966966966e-01	1.696981013131897e+17
6.976976976976977e-01	1.697986131518004e+17
6.986986986986987e-01	1.698991303880257e+17
6.996996996996997e-01	1.699996530863956e+17
7.007007007007007e-01	1.701001813119073e+17
7.017017017017017e-01	1.702007151300290e+17
7.027027027027027e-01	1.703012546067054e+17
7.037037037037037e-01	1.704017998083617e+17
7.047047047047047e-01	1.705023508019086e+17
7.057057057057057e-01	1.706029076547466e+17
7.067067067067067e-01	1.707034704347706e+17
7.077077077077077e-01	1.708040392103751e+17
7.087087087087087e-01	1.709046140504579e+17
7.097097097097097e-01	1.710051950244253e+17
7.107107107107107e-01	1.711057822021968e+17
7.117117117117117e-01	1.712063756542093e+17
7.127127127127127e-01	1.713069754514219e+17
7.137137137137137e-01	1.714075816653205e+17
7.147147147147147e-01	1.715081943679226e+17
7.157157157157157e-01	1.716088136317814e+17
7.167167167167167e-01	1.717094395299911e+17
7.177177177177178e-01	1.718100721361908e+17
7.187187187187187e-01	1.719107115245699e+17
7.197197197197197e-01	1.720113577698718e+17
7.207207207207207e-01	1.721120109473993e+17
7.217217217217217e-01	1.722126711375807e+17
7.227227227227228e-01	1.723133384362236e+17
7.237237237237237e-01	1.724140129253377e+17
7.247247247247247e-01	1.725146946859200e+17
7.257257257257257e-01	1.726153837997333e+17
7.267267267267267e-01	1.727160803493145e+17
7.277277277277278e-01	1.728167844179834e+17
7.287287287287287e-01	1.729174960898513e+17
7.297297297297297e-01	1.730182154498294e+17
7.307307307307307e-01	1.731189425836379e+17
7.317317317317317e-01	1.732196775778141e+17
7.327327327327328e-01	1.733204205197214e+17
7.337337337337337e-01	1.734211714975577e+17
7.347347347347347e-01	1.735219306003640e+17
7.357357357357357e-01	1.736226979180335e+17
7.367367367367368e-01	1.737234735413195e+17
7.377377377377378e-01	1.738242575618444e+17
7.387387387387387e-01	1.739250500721085e+17
7.397397397397397e-01	1.740258511654983e+17
7.407407407407407e-01	1.741266609362953e+17
7.417417417417418e-01	1.742274794796845e+17
7.427427427427428e-01	1.743283068917631e+17
7.437437437437437e-01	1.744291432695491e+17
7.447447447447447e-01	1.745299887109901e+17
7.457457457457457e-01	1.746308433149716e+17
7.467467467467468e-01	1.747317071813258e+17
7.477477477477478e-01	1.748325804108404e+17
7.487487487487487e-01	1.749334631052667e+17
7.497497497497497e-01	1.750343553673288e+17
7.507507507507507e-01	1.751352573018845e+17
7.517517517517518e-01	1.752361690156612e+17
7.527527527527528e-01	1.753370906147693e+17
7.537537537537538e-01	1.754380222063270e+17
7.547547547547547e-01	1.755389638984907e+17
7.557557557557557e-01	1.756399158004637e+17
7.567567567567568e-01	1.757408780225055e+17
7.577577577577578e-01	1.758418506759410e+17
7.587587587587588e-01	1.759428338731693e+17
7.597597597597597e-01	1.760438277276732e+17
7.607607607607607e-01	1.761448323540279e+17
7.617617617617618e-01	1.762458478679104e+17
7.627627627627628e-01	1.763468743861087e+17
7.637637637637638e-01	1.764479120265303e+17
7.647647647647647e-01	1.765489609082123e+17
7.657657657657657e-01	1.766500211513293e+17
7.667667667667668e-01	1.767510928772038e+17
7.677677677677678e-01	1.768521762083142e+17
7.687687687687688e-01	1.769532712683046e+17
7.697697697697697e-01	1.770543781819935e+17
7.707707707707707e-01	1.771554970753833e+17
7.717717717717718e-01	1.772566280756690e+17
7.727727727727728e-01	1.773577713112476e+17
7.737737737737738e-01	1.774589269117272e+17
7.747747747747747e-01	1.775600950079358e+17
7.757757757757757e-01	1.776612757319308e+17
7.767767767767768e-01	1.777624692170077e+17
7.777777777777778e-01	1.778636755977099e+17
7.787787787787788e-01	1.779648950097786e+17
7.797797797797797e-01	1.780661275867619e+17
7.807807807807807e-01	1.781673734644177e+17
7.817817817817818e-01	1.782686327816223e+17
7.827827827827828e-01	1.783699056785045e+17
7.837837837837838e-01	1.784711922964531e+17
7.847847847847848e-01	1.785724927781257e+17
7.857857857857857e-01	1.786738072674568e+17
7.867867867867868e-01	1.787751359096657e+17
7.877877877877878e-01	1.788764788512652e+17
7.887887887887888e-01	1.789778362400692e+17
7.897897897897898e-01	1.790792082252015e+17
7.907907907907907e-01	1.791805949571037e+17
7.917917917917918e-01	1.792819965875433e+17
7.927927927927928e-01	1.793834132696222e+17
7.937937937937938e-01	1.794848451577848e+17
7.947947947947948e-01	1.795862924078260e+17
7.957957957957957e-01	1.796877551768997e+17
7.967967967967968e-01	1.797892336235269e+17
7.977977977977978e-01	1.798907279076039e+17
7.987987987987988e-01	1.799922381904103e+17
7.997997997997998e-01	1.800937646346176e+17
8.008008008008007e-01	1.801953074042972e+17
8.018018018018018e-01	1.802968666649285e+17
8.028028028028028e-01	1.803984425834074e+17
8.038038038038038e-01	1.805000353280541e+17
8.048048048048048e-01	1.806016450686218e+17
8.058058058058059e-01	1.807032719763044e+17
8.068068068068068e-01	1.808049162237451e+17
8.078078078078078e-01	1.809065779858688e+17
8.088088088088088e-01	1.810082574457584e+17
8.098098098098098e-01	1.811099547832847e+17
8.108108108108109e-01	1.812116701783031e+17
8.118118118118118e-01	1.813134038122310e+17
8.128128128128128e-01	1.814151558680583e+17
8.138138138138138e-01	1.815169265303566e+17
8.148148148148148e-01	1.816187159852892e+17
8.158158158158159e-01	1.817205244206212e+17
8.168168168168168e-01	1.818223520257284e+17
8.178178178178178e-01	1.819241989916082e+17
8.188188188188188e-01	1.820260655108887e+17
8.198198198198198e-01	1.821279517778386e+17
8.208208208208209e-01	1.822298579883771e+17
8.218218218218218e-01	1.823317843400836e+17
8.228228228228228e-01	1.824337310322076e+17
8.238238238238238e-01	1.825356982656784e+17
8.248248248248248e-01	1.826376862431150e+17
8.258258258258259e-01	1.827396951688356e+17
8.268268268268268e-01	1.828417252488679e+17
8.278278278278278e-01	1.829437766909583e+17
8.288288288288288e-01	1.830458497045821e+17
8.298298298298298e-01	1.831479445009533e+17
8.308308308308309e-01	1.832500612930341e+17
8.318318318318318e-01	1.833522002955449e+17
8.328328328328328e-01	1.834543617249741e+17
8.338338338338338e-01	1.835565457995879e+17
8.348348348348348e-01	1.836587527394398e+17
8.358358358358359e-01	1.837609827663810e+17
8.368368368368369e-01	1.838632361071082e+17
8.378378378378378e-01	1.839655129972158e+17
8.388388388388388e-01	1.840678136663574e+17
8.398398398398398e-01	1.841701383454920e+17
8.408408408408409e-01	1.842724872675224e+17
8.418418418418419e-01	1.843748606673076e+17
8.428428428428428e-01	1.844772587816741e+17
8.438438438438438e-01	1.845796818494284e+17
8.448448448448448e-01	1.846821301113686e+17
8.458458458458459e-01	1.847846038102963e+17
8.468468468468469e-01	1.848871031910287e+17
8.478478478478478e-01	1.849896285004105e+17
8.488488488488488e-01	1.850921799873256e+17
8.498498498498498e-01	1.851947579027095e+17
8.508508508508509e-01	1.852973624995605e+17
8.518518518518519e-01	1.853999940329525e+17
8.528528528528528e-01	1.855026527600461e+17
8.538538538538538e-01	1.856053389401011e+17
8.548548548548548e-01	1.857080528344883e+17
8.558558558558559e-01	1.858107947067010e+17
8.568568568568569e-01	1.859135648223677e+17
8.578578578578578e-01	1.860163634492635e+17
8.588588588588588e-01	1.861191908573218e+17
8.598598598598598e-01	1.862220473186468e+17
8.608608608608609e-01	1.863249331075254e+17
8.618618618618619e-01	1.864278485004386e+17
8.628628628628628e-01	1.865307937760736e+17
8.638638638638638e-01	1.866337692153363e+17
8.648648648648649e-01	1.867367751013624e+17
8.658658658658659e-01	1.868398117268840e+17
8.668668668668669e-01	1.869428793897358e+17
8.678678678678678e-01	1.870459783819955e+17
8.688688688688688e-01	1.871491089981185e+17
8.698698698698699e-01	1.872522715349713e+17
8.708708708708709e-01	1.873554662918461e+17
8.718718718718719e-01	1.874586935704754e+17
8.728728728728729e-01	1.875619536750463e+17
8.738738738738738e-01	1.876652469122154e+17
8.748748748748749e-01	1.877685735911231e+17
8.758758758758759e-01	1.878719340234083e+17
8.768768768768769e-01	1.879753285232228e+17
8.778778778778779e-01	1.880787574072460e+17
8.788788788788788e-01	1.881822209946997e+17
8.798798798798799e-01	1.882857196073620e+17
8.808808808808809e-01	1.883892535695823e+17
8.818818818818819e-01	1.884928232082962e+17
8.828828828828829e-01	1.885964288530392e+17
8.838838838838838e-01	1.887000708359619e+17
8.848848848848849e-01	1.888037494918445e+17
8.858858858858859e-01	1.889074651581111e+17
8.868868868868869e-01	1.890112181748444e+17
8.878878878878879e-01	1.891150088848004e+17
8.888888888888888e-01	1.892188376334227e+17
8.898898898898899e-01	1.893227047688571e+17
8.908908908908909e-01	1.894266106419665e+17
8.918918918918919e-01	1.895305556063450e+17
8.928928928928929e-01	1.896345400183326e+17
8.938938938938938e-01	1.897385642375074e+17
8.948948948948949e-01	1.898426286397270e+17
8.958958958958959e-01	1.899467335980857e+17
8.968968968968969e-01	1.900508794828188e+17
8.978978978978979e-01	1.901550666671313e+17
8.988988988988988e-01	1.902592955272150e+17
8.998998998998999e-01	1.903635664422673e+17
9.009009009009009e-01	1.904678797945081e+17
9.019019019019019e-01	1.905722359691985e+17
9.029029029029029e-01	1.906766353546581e+17
9.039039039039038e-01	1.907810783422833e+17
9.049049049049049e-01	1.908855653265649e+17
9.059059059059059e-01	1.909900967051061e+17
9.069069069069069e-01	1.910946728786406e+17
9.079079079079079e-01	1.911992942510498e+17
9.089089089089089e-01	1.913039612293815e+17
9.099099099099099e-01	1.914086742238674e+17
9.109109109109109e-01	1.915134336479407e+17
9.119119119119119e-01	1.916182399182547e+17
9.129129129129129e-01	1.917230934546999e+17
9.139139139139139e-01	1.918279946804224e+17
9.149149149149149e-01	1.919329440218418e+17
9.159159159159159e-01	1.920379419086686e+17
9.169169169169169e-01	1.921429887739225e+17
9.179179179179179e-01	1.922480850539502e+17
9.189189189189189e-01	1.923532311884434e+17
9.199199199199199e-01	1.924584276204563e+17
9.209209209209209e-01	1.925636747964238e+17
9.219219219219219e-01	1.926689731661793e+17
9.229229229229229e-01	1.927743231860433e+17
9.239239239239239e-01	1.928797253333364e+17
9.249249249249250e-01	1.929851800748784e+17
9.259259259259259e-01	1.930906878778866e+17
9.269269269269269e-01	1.931962492132612e+17
9.279279279279279e-01	1.933018645556076e+17
9.289289289289289e-01	1.934075343832578e+17
9.299299299299300e-01	1.935132591782938e+17
9.309309309309309e-01	1.936190394265685e+17
9.319319319319319e-01	1.937248756177288e+17
9.329329329329329e-01	1.938307682452373e+17
9.339339339339340e-01	1.939367178063944e+17
9.349349349349350e-01	1.940427248023608e+17
9.359359359359359e-01	1.941487897381793e+17
9.369369369369369e-01	1.942549131227973e+17
9.379379379379379e-01	1.943610954690887e+17
9.389389389389390e-01	1.944673372938761e+17
9.399399399399400e-01	1.945736391179530e+17
9.409409409409409e-01	1.946800014661060e+17
9.419419419419419e-01	1.947864248671369e+17
9.429429429429429e-01	1.948929098538849e+17
9.439439439439440e-01	1.949994569632488e+17
9.449449449449450e-01	1.951060667362088e+17
9.459459459459459e-01	1.952127397178492e+17
9.469469469469469e-01	1.953194764573804e+17
9.479479479479479e-01	1.954262775081606e+17
9.489489489489490e-01	1.955331434277187e+17
9.499499499499500e-01	1.956400747777758e+17
9.509509509509509e-01	1.957470721242678e+17
9.519519519519519e-01	1.958541360471811e+17
9.529529529529529e-01	1.959612671467905e+17
9.539539539539540e-01	1.960684660073630e+17
9.549549549549550e-01	1.961757332167314e+17
9.559559559559559e-01	1.962830693673115e+17
9.569569569569569e-01	1.963904750561303e+17
9.579579579579579e-01	1.964979508848538e+17
9.589589589589590e-01	1.966054974598143e+17
9.599599599599600e-01	1.967131153920388e+17
9.609609609609610e-01	1.968208052972761e+17
9.619619619619619e-01	1.969285677960253e+17
9.629629629629629e-01	1.970364035135631e+17
9.639639639639640e-01	1.971443130799716e+17
9.649649649649650e-01	1.972522971301665e+17
9.659659659659660e-01	1.973603563039243e+17
9.669669669669669e-01	1.974684912459104e+17
9.679679679679679e-01	1.975767026057069e+17
9.689689689689690e-01	1.976849910378404e+17
9.699699699699700e-01	1.977933572018097e+17
9.709709709709710e-01	1.979018017621133e+17
9.719719719719719e-01	1.980103253882779e+17
9.729729729729729e-01	1.981189287548853e+17
9.739739739739740e-01	1.982276125416010e+17
9.749749749749750e-01	1.983363774332015e+17
9.759759759759760e-01	1.984452241196020e+17
9.769769769769769e-01	1.985541532958848e+17
9.779779779779779e-01	1.986631656623261e+17
9.789789789789790e-01	1.987722619244248e+17
9.799799799799800e-01	1.988814427929416e+17
9.809809809809810e-01	1.989907090083472e+17
9.819819819819819e-01	1.991000613183665e+17
9.829829829829829e-01	1.992095004558877e+17
9.839839839839840e-01	1.993190271595015e+17
9.849849849849850e-01	1.994286421735354e+17
9.859859859859860e-01	1.995383462480900e+17
9.869869869869869e-01	1.996481401390738e+17
9.879879879879879e-01	1.997580246082387e+17
9.889889889889890e-01	1.998680004232154e+17
9.899899899899900e-01	1.999780683575486e+17
9.909909909909910e-01	2.000882291907323e+17
9.919919919919920e-01	2.001984837082454e+17
9.929929929929930e-01	2.003088327015869e+17
9.939939939939940e-01	2.004192769683109e+17
9.949949949949950e-01	2.005298173120625e+17
9.959959959959960e-01	2.006404545426129e+17
9.969969969969970e-01	2.007511894758945e+17
9.979979979979980e-01	2.008620229340367e+17
9.989989989989990e-01	2.009729557454008e+17
1.000000000000000e+00	2.010839887446155e+17
