# E [eV], E_g(E, z=0, z_g) [eV], z_g = 0.05, 0.5, 1, 2, 3
1e+17      1.0499e+17     1.49985e+17      2.0015e+17     3.50794e+17    5.65636e+166
1.02329e+17     1.07435e+17     1.53479e+17     2.04843e+17     3.65431e+17    2.37694e+182
1.04713e+17     1.09938e+17     1.57054e+17     2.09651e+17     3.81432e+17    3.57187e+198
1.07152e+17     1.12498e+17     1.60713e+17     2.14577e+17     3.99107e+17    1.84283e+213
1.09648e+17     1.15119e+17     1.64456e+17     2.19624e+17     4.18754e+17    1.40322e+230
1.12202e+17       1.178e+17     1.68287e+17     2.24797e+17     4.40773e+17    6.83559e+247
1.14815e+17     1.20544e+17     1.72208e+17     2.30101e+17     4.65407e+17    1.92769e+262
1.1749e+17     1.23352e+17      1.7622e+17      2.3554e+17     4.93437e+17    1.02505e+278
1.20226e+17     1.26225e+17     1.80325e+17     2.41118e+17     5.25681e+17    9.91867e+290
1.23027e+17     1.29165e+17     1.84526e+17     2.46843e+17     5.63178e+17    2.93605e+305
1.25893e+17     1.32174e+17     1.88825e+17     2.52719e+17     6.06882e+17             inf
1.28825e+17     1.35253e+17     1.93225e+17      2.5875e+17     6.59098e+17             inf
1.31826e+17     1.38403e+17     1.97727e+17     2.64942e+17     7.22232e+17             inf
1.34896e+17     1.41627e+17     2.02335e+17     2.71302e+17     7.98929e+17             inf
1.38038e+17     1.44926e+17      2.0705e+17     2.77838e+17     8.95322e+17             inf
1.41254e+17     1.48302e+17     2.11876e+17     2.84556e+17     1.01671e+18             inf
1.44544e+17     1.51756e+17     2.16815e+17     2.91466e+17     1.17529e+18             inf
1.47911e+17     1.55291e+17      2.2187e+17     2.98579e+17     1.38227e+18             inf
1.51356e+17     1.58908e+17     2.27044e+17     3.05905e+17     1.66406e+18             inf
1.54882e+17     1.62609e+17     2.32339e+17     3.13457e+17     2.04482e+18             inf
1.58489e+17     1.66397e+17     2.37758e+17     3.21245e+17     2.57533e+18             inf
1.62181e+17     1.70273e+17     2.43306e+17     3.29275e+17     3.30262e+18             inf
1.65959e+17     1.74239e+17     2.48985e+17      3.3756e+17     4.32396e+18             inf
1.69824e+17     1.78298e+17     2.54798e+17     3.46115e+17     5.70487e+18             inf
1.7378e+17     1.82451e+17     2.60749e+17     3.54958e+17     7.58471e+18             inf
1.77828e+17     1.86701e+17     2.66843e+17     3.64108e+17     1.00566e+19             inf
1.8197e+17      1.9105e+17     2.73082e+17     3.73586e+17     1.33457e+19             inf
1.86209e+17       1.955e+17      2.7947e+17     3.83418e+17     1.84422e+19             inf
1.90546e+17     2.00053e+17     2.86011e+17      3.9363e+17     4.54168e+19             inf
1.94984e+17     2.04713e+17      2.9271e+17     4.04248e+17     1.46377e+25             inf
1.99526e+17     2.09482e+17     2.99571e+17      4.1528e+17      4.5829e+36             inf
2.04174e+17     2.14361e+17     3.06599e+17     4.26756e+17     4.79113e+48             inf
2.0893e+17     2.19354e+17     3.13799e+17     4.38712e+17     1.50395e+58             inf
2.13796e+17     2.24464e+17     3.21177e+17     4.51191e+17     1.18596e+69             inf
2.18776e+17     2.29692e+17     3.28738e+17     4.64237e+17     1.33038e+77             inf
2.23872e+17     2.35043e+17     3.36488e+17     4.77906e+17     4.04306e+88             inf
2.29087e+17     2.40518e+17     3.44433e+17      4.9226e+17     1.78605e+99             inf
2.34423e+17      2.4612e+17     3.52578e+17     5.07364e+17    1.15743e+108             inf
2.39883e+17     2.51853e+17     3.60929e+17     5.23234e+17    4.49844e+118             inf
2.45471e+17      2.5772e+17     3.69495e+17     5.39941e+17    5.04182e+125             inf
2.51189e+17     2.63723e+17     3.78282e+17     5.57573e+17    2.72928e+137             inf
2.5704e+17     2.69867e+17     3.87299e+17     5.76225e+17     4.3294e+145             inf
2.63027e+17     2.76153e+17     3.96556e+17     5.96021e+17    2.13395e+154             inf
2.69153e+17     2.82586e+17     4.06062e+17     6.17103e+17    3.83057e+164             inf
2.75423e+17     2.89169e+17     4.15828e+17     6.39626e+17    6.46459e+171             inf
2.81838e+17     2.95906e+17     4.25865e+17      6.6364e+17    8.45745e+181             inf
2.88403e+17       3.028e+17     4.36178e+17     6.89321e+17    4.62793e+188             inf
2.95121e+17     3.09854e+17     4.46779e+17     7.16869e+17    2.45698e+197             inf
3.01995e+17     3.17073e+17     4.57679e+17     7.46555e+17    3.68114e+206             inf
3.0903e+17     3.24461e+17     4.68893e+17     7.78702e+17    9.63973e+213             inf
3.16228e+17     3.32021e+17     4.80435e+17     8.13643e+17     6.6166e+222             inf
3.23594e+17     3.39757e+17     4.92323e+17     8.51497e+17    1.01217e+229             inf
3.31131e+17     3.47674e+17     5.04575e+17     8.92761e+17     4.7731e+238             inf
3.38844e+17     3.55777e+17      5.1721e+17     9.37941e+17    3.47346e+245             inf
3.46737e+17     3.64068e+17     5.30251e+17     9.87753e+17    2.52058e+252             inf
3.54813e+17     3.72554e+17      5.4371e+17     1.04284e+18    6.90197e+260             inf
3.63078e+17     3.81239e+17     5.57598e+17     1.10361e+18    4.36508e+266             inf
3.71535e+17     3.90127e+17     5.71941e+17     1.17119e+18    2.98661e+275             inf
3.80189e+17     3.99223e+17     5.86763e+17      1.2469e+18    2.33375e+281             inf
3.89045e+17     4.08532e+17     6.02095e+17     1.33199e+18    7.75152e+288             inf
3.98107e+17     4.18059e+17     6.17967e+17     1.42757e+18    1.21012e+296             inf
4.0738e+17      4.2781e+17     6.34415e+17     1.53573e+18    9.72717e+301             inf
4.16869e+17      4.3779e+17     6.51481e+17     1.65915e+18             inf             inf
4.2658e+17     4.48005e+17     6.69207e+17     1.79948e+18             inf             inf
4.36516e+17     4.58461e+17     6.87611e+17     1.96029e+18             inf             inf
4.46684e+17     4.69164e+17     7.06716e+17     2.14605e+18             inf             inf
4.57088e+17     4.80121e+17     7.26573e+17     2.35866e+18             inf             inf
4.67735e+17     4.91336e+17     7.47232e+17     2.60601e+18             inf             inf
4.7863e+17     5.02815e+17     7.68755e+17     2.89251e+18             inf             inf
4.89779e+17     5.14566e+17     7.91207e+17     3.22485e+18             inf             inf
5.01187e+17     5.26594e+17     8.14663e+17     3.61023e+18             inf             inf
5.12861e+17     5.38907e+17     8.39211e+17     4.05956e+18             inf             inf
5.24807e+17     5.51514e+17     8.64891e+17     4.58125e+18             inf             inf
5.37032e+17     5.64422e+17     8.91741e+17      5.1833e+18             inf             inf
5.49541e+17      5.7764e+17     9.19854e+17     5.87972e+18             inf             inf
5.62341e+17     5.91176e+17     9.49336e+17     6.68515e+18             inf             inf
5.7544e+17     6.05038e+17     9.80301e+17     7.60515e+18             inf             inf
5.88844e+17     6.19232e+17     1.01289e+18     8.65802e+18             inf             inf
6.0256e+17     6.33765e+17     1.04725e+18     9.85241e+18             inf             inf
6.16595e+17     6.48645e+17      1.0835e+18     1.12045e+19             inf             inf
6.30957e+17     6.63882e+17     1.12168e+18     1.27147e+19             inf             inf
6.45654e+17     6.79485e+17     1.16195e+18     1.44148e+19             inf             inf
6.60693e+17     6.95469e+17     1.20451e+18     1.63048e+19             inf             inf
6.76083e+17     7.11845e+17      1.2496e+18     1.84291e+19             inf             inf
6.91831e+17     7.28623e+17     1.29747e+18     2.08561e+19             inf             inf
7.07946e+17     7.45816e+17     1.34839e+18     2.37619e+19             inf             inf
7.24436e+17     7.63435e+17     1.40241e+18     2.75972e+19             inf             inf
7.4131e+17     7.81483e+17     1.45978e+18     3.40478e+19             inf             inf
7.58578e+17     7.99969e+17     1.52083e+18     5.59688e+19             inf             inf
7.76247e+17     8.18903e+17     1.58593e+18     2.71752e+21             inf             inf
7.94328e+17     8.38297e+17     1.65551e+18     3.58092e+25             inf             inf
8.12831e+17      8.5817e+17     1.72995e+18     7.93501e+29             inf             inf
8.31764e+17     8.78541e+17     1.80942e+18     5.00373e+33             inf             inf
8.51138e+17     8.99427e+17     1.89438e+18      1.0027e+38             inf             inf
8.70964e+17     9.20844e+17     1.98545e+18     2.66324e+41             inf             inf
8.91251e+17     9.42808e+17     2.08329e+18     6.75908e+45             inf             inf
9.12011e+17     9.65333e+17     2.18838e+18     1.19295e+49             inf             inf
9.33254e+17     9.88415e+17     2.30103e+18     2.51761e+53             inf             inf
9.54993e+17     1.01207e+18     2.42193e+18     4.41708e+56             inf             inf
9.77237e+17      1.0363e+18     2.55195e+18     2.82885e+60             inf             inf
1e+18     1.06113e+18     2.69197e+18     1.11805e+64             inf             inf
1.02329e+18     1.08659e+18     2.84248e+18     2.01436e+67             inf             inf
1.04713e+18     1.11271e+18     3.00425e+18     1.12699e+71             inf             inf
1.07152e+18     1.13951e+18     3.17835e+18     7.66788e+73             inf             inf
1.09648e+18     1.16702e+18     3.36608e+18     4.98594e+77             inf             inf
1.12202e+18     1.19525e+18       3.568e+18     2.16386e+80             inf             inf
1.14815e+18     1.22422e+18     3.78483e+18     1.60692e+84             inf             inf
1.1749e+18     1.25392e+18     4.01794e+18     6.68214e+86             inf             inf
1.20226e+18     1.28435e+18     4.26868e+18     1.71811e+90             inf             inf
1.23027e+18     1.31555e+18      4.5375e+18     1.41219e+93             inf             inf
1.25893e+18     1.34753e+18     4.82537e+18     1.07958e+96             inf             inf
1.28825e+18     1.38033e+18     5.13398e+18     1.26843e+99             inf             inf
1.31826e+18     1.41401e+18     5.46509e+18    3.33833e+101             inf             inf
1.34896e+18      1.4486e+18     5.81871e+18    5.51579e+104             inf             inf
1.38038e+18     1.48413e+18     6.19636e+18    9.57969e+106             inf             inf
1.41254e+18     1.52062e+18     6.59952e+18    1.40879e+110             inf             inf
1.44544e+18     1.55806e+18      7.0291e+18    3.86197e+112             inf             inf
1.47911e+18     1.59644e+18     7.48551e+18    1.76454e+115             inf             inf
1.51356e+18      1.6358e+18      7.9695e+18    7.55326e+117             inf             inf
1.54882e+18     1.67614e+18     8.48304e+18    1.32976e+120             inf             inf
1.58489e+18     1.71751e+18     9.02582e+18    7.68662e+122             inf             inf
1.62181e+18     1.75997e+18     9.59929e+18    8.20771e+124             inf             inf
1.65959e+18     1.80359e+18     1.02041e+19    4.09831e+127             inf             inf
1.69824e+18     1.84841e+18     1.08421e+19     6.5472e+129             inf             inf
1.7378e+18     1.89448e+18     1.15126e+19    1.19543e+132             inf             inf
1.77828e+18      1.9418e+18     1.22165e+19    2.43586e+134             inf             inf
1.8197e+18     1.99031e+18     1.29536e+19    2.16988e+136             inf             inf
1.86209e+18     2.04007e+18     1.37253e+19    6.40523e+138             inf             inf
1.90546e+18     2.09108e+18     1.45303e+19    5.16696e+140             inf             inf
1.94984e+18      2.1434e+18     1.53692e+19    7.43053e+142             inf             inf
1.99526e+18     2.19705e+18     1.62414e+19    9.22578e+144             inf             inf
2.04174e+18     2.25213e+18     1.71495e+19    6.18397e+146             inf             inf
2.0893e+18     2.30873e+18     1.80936e+19    9.51506e+148             inf             inf
2.13796e+18     2.36692e+18     1.90724e+19    4.98917e+150             inf             inf
2.18776e+18     2.42672e+18     2.00876e+19    5.28526e+152             inf             inf
2.23872e+18     2.48807e+18     2.11408e+19    4.72437e+154             inf             inf
2.29087e+18     2.55097e+18     2.22322e+19    2.11025e+156             inf             inf
2.34423e+18     2.61549e+18     2.33694e+19    2.11219e+158             inf             inf
2.39883e+18     2.68164e+18     2.45505e+19    7.59758e+159             inf             inf
2.45471e+18     2.74948e+18      2.5777e+19    5.91248e+161             inf             inf
2.51189e+18     2.81905e+18     2.70549e+19    3.56828e+163             inf             inf
2.5704e+18     2.89047e+18     2.84093e+19    1.19305e+165             inf             inf
2.63027e+18     2.96389e+18      2.9863e+19     8.1093e+166             inf             inf
2.69153e+18     3.03935e+18     3.14189e+19    2.26678e+168             inf             inf
2.75423e+18     3.11677e+18     3.30938e+19    1.09778e+170             inf             inf
2.81838e+18     3.19616e+18     3.49296e+19    4.78495e+171             inf             inf
2.88403e+18     3.27757e+18     3.70807e+19    1.25768e+173             inf             inf
2.95121e+18     3.36105e+18     3.95936e+19    6.41883e+174             inf             inf
3.01995e+18     3.44664e+18     4.26746e+19    1.60578e+176             inf             inf
3.0903e+18      3.5344e+18     4.66499e+19    5.00436e+177             inf             inf
3.16228e+18     3.62438e+18     5.27244e+19    1.59922e+179             inf             inf
3.23594e+18     3.71675e+18     6.34966e+19    3.10662e+180             inf             inf
3.31131e+18     3.81168e+18     9.43298e+19     1.1855e+182             inf             inf
3.38844e+18     3.90907e+18     3.21226e+20    2.69773e+183             inf             inf
3.46737e+18     4.00892e+18     4.57569e+21    5.66124e+184             inf             inf
3.54813e+18     4.11128e+18     1.28086e+23    1.56909e+186             inf             inf
3.63078e+18     4.21622e+18     2.12458e+24    2.54187e+187             inf             inf
3.71535e+18     4.32379e+18     5.93224e+25    6.98883e+188             inf             inf
3.80189e+18     4.43407e+18     1.02318e+27    1.33402e+190             inf             inf
3.89045e+18     4.54711e+18     2.02722e+28    2.06014e+191             inf             inf
3.98107e+18     4.66298e+18     3.55801e+29    5.12335e+192             inf             inf
4.0738e+18     4.78187e+18     5.56946e+30    7.26054e+193             inf             inf
4.16869e+18     4.90386e+18     1.18995e+32    1.39927e+195             inf             inf
4.2658e+18     5.02887e+18     1.74332e+33      2.243e+196             inf             inf
4.36516e+18     5.15699e+18     3.01856e+34     3.0336e+197             inf             inf
4.46684e+18      5.2883e+18     4.35421e+35    6.05415e+198             inf             inf
4.57088e+18     5.42285e+18     6.16995e+36    8.14348e+199             inf             inf
4.67735e+18     5.56074e+18     9.79042e+37    1.15842e+201             inf             inf
4.7863e+18     5.70203e+18     1.16664e+39    1.62414e+202             inf             inf
4.89779e+18     5.84681e+18     1.82754e+40    1.92917e+203             inf             inf
5.01187e+18     5.99516e+18     2.21566e+41    3.00954e+204             inf             inf
5.12861e+18     6.14719e+18     2.87564e+42    3.59177e+205             inf             inf
5.24807e+18     6.30294e+18     3.46201e+43    4.13711e+206             inf             inf
5.37032e+18      6.4625e+18     3.85393e+44    5.51162e+207             inf             inf
5.49541e+18     6.62595e+18     5.18333e+45    5.62963e+208             inf             inf
5.62341e+18     6.79339e+18     5.12589e+46    7.30519e+209             inf             inf
5.7544e+18      6.9649e+18     6.49643e+47    7.63172e+210             inf             inf
5.88844e+18     7.14059e+18     6.39035e+48     7.7685e+211             inf             inf
6.0256e+18     7.32054e+18     6.87868e+49    9.34195e+212             inf             inf
6.16595e+18     7.50485e+18     7.15814e+50    8.46084e+213             inf             inf
6.30957e+18     7.69353e+18     6.74921e+51    9.37359e+214             inf             inf
6.45654e+18      7.8866e+18     7.38503e+52    8.63916e+215             inf             inf
6.60693e+18     8.08431e+18     6.18146e+53    7.92449e+216             inf             inf
6.76083e+18     8.28677e+18     6.52028e+54    8.31633e+217             inf             inf
6.91831e+18     8.49407e+18     5.29496e+55    6.85343e+218             inf             inf
7.07946e+18     8.70634e+18     5.21896e+56    6.93982e+219             inf             inf
7.24436e+18     8.92367e+18     4.50664e+57    5.92323e+220             inf             inf
7.4131e+18     9.14619e+18     3.80058e+58    4.83857e+221             inf             inf
7.58578e+18     9.37401e+18     3.45891e+59     4.5672e+222             inf             inf
7.76247e+18     9.60723e+18     2.74807e+60    3.37575e+223             inf             inf
7.94328e+18     9.84565e+18     2.41558e+61    3.13173e+224             inf             inf
8.12831e+18     1.00895e+19     1.81322e+62    2.23836e+225             inf             inf
8.31764e+18     1.03391e+19      1.5393e+63    1.91262e+226             inf             inf
8.51138e+18     1.05946e+19     1.14076e+64    1.52114e+227             inf             inf
8.70964e+18     1.08561e+19     9.01092e+64    1.13016e+228             inf             inf
8.91251e+18     1.11237e+19     6.56713e+65    9.18117e+228             inf             inf
9.12011e+18     1.13976e+19     5.05136e+66    6.40818e+229             inf             inf
9.33254e+18     1.16779e+19     3.70301e+67    5.02803e+230             inf             inf
9.54993e+18     1.19648e+19     2.68047e+68    3.44711e+231             inf             inf
9.77237e+18     1.22582e+19     1.98427e+69    2.54004e+232             inf             inf
1e+19     1.25579e+19     1.35118e+70    1.78182e+233             inf             inf
1.02329e+19     1.28644e+19     9.94237e+70    1.20313e+234             inf             inf
1.04713e+19      1.3178e+19     6.44993e+71    8.91144e+234             inf             inf
1.07152e+19     1.34988e+19     4.68172e+72    5.67016e+235             inf             inf
1.09648e+19     1.38271e+19     2.99647e+73    4.25289e+236             inf             inf
1.12202e+19     1.41629e+19     2.08528e+74    2.60043e+237             inf             inf
1.14815e+19     1.45065e+19     1.35319e+75     1.8645e+238             inf             inf
1.1749e+19      1.4858e+19     9.12239e+75    1.13562e+239             inf             inf
1.20226e+19     1.52175e+19     5.66866e+76    7.84434e+239             inf             inf
1.23027e+19      1.5585e+19     3.79177e+77    4.73067e+240             inf             inf
1.25893e+19     1.59603e+19      2.3167e+78    3.14896e+241             inf             inf
1.28825e+19     1.63439e+19     1.49139e+79    1.87377e+242             inf             inf
1.31826e+19     1.67364e+19     9.21289e+79     1.2124e+243             inf             inf
1.34896e+19     1.71377e+19      5.4476e+80    7.15171e+243             inf             inf
1.38038e+19     1.75482e+19     3.45501e+81    4.57216e+244             inf             inf
1.41254e+19     1.79681e+19     2.02066e+82    2.65472e+245             inf             inf
1.44544e+19     1.83975e+19      1.2836e+83    1.67765e+246             inf             inf
1.47911e+19     1.88366e+19     7.41017e+83    9.43259e+246             inf             inf
1.51356e+19     1.92856e+19     4.49774e+84    6.01872e+247             inf             inf
1.54882e+19     1.97443e+19     2.58718e+85    3.40926e+248             inf             inf
1.58489e+19     2.02128e+19     1.51019e+86    2.04882e+249             inf             inf
1.62181e+19     2.06916e+19     8.92201e+86    1.14363e+250             inf             inf
1.65959e+19     2.11812e+19     4.98278e+87    6.58951e+250             inf             inf
1.69824e+19     2.16819e+19     2.86758e+88    3.80288e+251             inf             inf
1.7378e+19     2.21939e+19      1.6625e+89    2.14089e+252             inf             inf
1.77828e+19     2.27175e+19     9.32638e+89    1.24566e+253             inf             inf
1.8197e+19     2.32528e+19      5.2132e+90    6.81927e+253             inf             inf
1.86209e+19     2.38001e+19      2.9135e+91    3.81282e+254             inf             inf
1.90546e+19     2.43597e+19     1.62507e+92    2.16349e+255             inf             inf
1.94984e+19     2.49315e+19     8.94289e+92    1.18601e+256             inf             inf
1.99526e+19     2.55157e+19     4.94236e+93    6.50588e+256             inf             inf
2.04174e+19      2.6113e+19     2.65683e+94    3.54605e+257             inf             inf
2.0893e+19      2.6724e+19     1.48304e+95    1.94011e+258             inf             inf
2.13796e+19     2.73488e+19     7.94787e+95    1.04648e+259             inf             inf
2.18776e+19     2.79879e+19     4.28297e+96    5.68101e+259             inf             inf
2.23872e+19     2.86416e+19     2.28278e+97    2.99427e+260             inf             inf
2.29087e+19     2.93102e+19     1.21546e+98    1.66204e+261             inf             inf
2.34423e+19      2.9994e+19     6.67063e+98    8.66997e+261             inf             inf
2.39883e+19     3.06938e+19       3.502e+99    4.59568e+262             inf             inf
2.45471e+19      3.1411e+19    1.82732e+100    2.40888e+263             inf             inf
2.51189e+19     3.21461e+19    9.59784e+100    1.26897e+264             inf             inf
2.5704e+19     3.28997e+19     5.0559e+101    6.82151e+264             inf             inf
2.63027e+19     3.36726e+19    2.64082e+102    3.54213e+265             inf             inf
2.69153e+19     3.44653e+19    1.36816e+103    1.81708e+266             inf             inf
2.75423e+19     3.52784e+19    7.05016e+103    9.39469e+266             inf             inf
2.81838e+19     3.61123e+19    3.65169e+104     4.8697e+267             inf             inf
2.88403e+19     3.69677e+19    1.88512e+105    2.52132e+268             inf             inf
2.95121e+19     3.78452e+19    9.66156e+105    1.29287e+269             inf             inf
3.01995e+19     3.87496e+19    4.97307e+106    6.59632e+269             inf             inf
3.0903e+19     3.96882e+19    2.53371e+107    3.36153e+270             inf             inf
3.16228e+19     4.06627e+19     1.2808e+108     1.7131e+271             inf             inf
3.23594e+19      4.1674e+19     6.4041e+108    8.60634e+271             inf             inf
3.31131e+19     4.27231e+19    3.24143e+109    4.30211e+272             inf             inf
3.38844e+19      4.3812e+19    1.59387e+110    2.12455e+273             inf             inf
3.46737e+19     4.49428e+19     7.9756e+110    1.05669e+274             inf             inf
3.54813e+19     4.61177e+19    3.85993e+111    5.15565e+274             inf             inf
3.63078e+19     4.73391e+19    1.88995e+112    2.52488e+275             inf             inf
3.71535e+19     4.86179e+19    9.22222e+112    1.21583e+276             inf             inf
3.80189e+19     4.99848e+19    4.38857e+113    5.86455e+276             inf             inf
3.89045e+19     5.14532e+19    2.10313e+114    2.79838e+277             inf             inf
3.98107e+19      5.3037e+19    9.88726e+114    1.31436e+278             inf             inf
4.0738e+19     5.47434e+19    4.62331e+115    6.19464e+278             inf             inf
4.16869e+19     5.65806e+19    2.12298e+116      2.809e+279             inf             inf
4.2658e+19     5.85674e+19    9.43603e+116    1.25647e+280             inf             inf
4.36516e+19     6.07299e+19    4.09214e+117    5.45914e+280             inf             inf
4.46684e+19     6.31517e+19    1.76202e+118    2.32686e+281             inf             inf
4.57088e+19     6.59227e+19    7.32572e+118    9.79845e+281             inf             inf
4.67735e+19     6.91503e+19    2.99918e+119    3.98228e+282             inf             inf
4.7863e+19     7.29979e+19    1.19831e+120    1.59211e+283             inf             inf
4.89779e+19     7.77292e+19    4.69389e+120    6.23491e+283             inf             inf
5.01187e+19      8.3806e+19    1.80458e+121    2.39816e+284             inf             inf
5.12861e+19     9.20304e+19    6.67509e+121    8.86909e+284             inf             inf
5.24807e+19     1.03991e+20    2.35227e+122    3.12777e+285             inf             inf
5.37032e+19     1.23279e+20    7.94312e+122    1.05544e+286             inf             inf
5.49541e+19     1.59765e+20    2.55512e+123     3.4005e+286             inf             inf
5.62341e+19     2.44243e+20    7.88477e+123    1.04706e+287             inf             inf
5.7544e+19      4.7709e+20    2.32018e+124     3.0987e+287             inf             inf
5.88844e+19      1.1394e+21    6.56418e+124    8.76852e+287             inf             inf
6.0256e+19     2.87671e+21    1.78682e+125    2.37638e+288             inf             inf
6.16595e+19     7.26447e+21    4.66322e+125    6.20831e+288             inf             inf
6.30957e+19     1.81384e+22    1.17297e+126    1.56203e+289             inf             inf
6.45654e+19      4.3844e+22    2.82322e+126    3.76225e+289             inf             inf
6.60693e+19      1.0103e+23    6.45787e+126    8.59777e+289             inf             inf
6.76083e+19      2.2144e+23    1.40882e+127    1.87434e+290             inf             inf
6.91831e+19     4.62434e+23    2.93294e+127    3.90424e+290             inf             inf
7.07946e+19     9.22926e+23    5.84823e+127    7.78832e+290             inf             inf
7.24436e+19     1.76679e+24    1.11924e+128    1.49175e+291             inf             inf
7.4131e+19     3.25193e+24    2.05999e+128    2.74283e+291             inf             inf
7.58578e+19     5.76377e+24    3.64964e+128    4.86237e+291             inf             inf
7.76247e+19     9.86488e+24    6.24743e+128    8.32457e+291             inf             inf
7.94328e+19      1.6336e+25    1.03432e+129    1.37755e+292             inf             inf
8.12831e+19     2.62075e+25    1.65964e+129    2.21005e+292             inf             inf
8.31764e+19     4.08174e+25    2.58548e+129    3.44294e+292             inf             inf
8.51138e+19     6.18193e+25    3.91439e+129    5.21421e+292             inf             inf
8.70964e+19     9.11688e+25    5.77307e+129    7.68872e+292             inf             inf
8.91251e+19     1.31186e+26    8.30673e+129    1.10619e+293             inf             inf
9.12011e+19     1.84368e+26    1.16777e+130    1.55457e+293             inf             inf
9.33254e+19     2.53482e+26    1.60533e+130    2.13757e+293             inf             inf
9.54993e+19     3.41377e+26    2.16211e+130    2.87898e+293             inf             inf
9.77237e+19     4.50912e+26     2.8556e+130    3.80271e+293             inf             inf
1e+20     5.84793e+26    3.70323e+130    4.93158e+293             inf             inf
1.02329e+20     7.46589e+26    4.72771e+130    6.29571e+293             inf             inf
1.04713e+20     9.40099e+26    5.95284e+130    7.92942e+293             inf             inf
1.07152e+20      1.1686e+27    7.40047e+130    9.85459e+293             inf             inf
1.09648e+20     1.43484e+27    9.08583e+130    1.21005e+294             inf             inf
1.12202e+20     1.74158e+27    1.10285e+131    1.46856e+294             inf             inf
1.14815e+20     2.09061e+27    1.32393e+131    1.76328e+294             inf             inf
1.1749e+20     2.48373e+27    1.57281e+131    2.09455e+294             inf             inf
1.20226e+20     2.92215e+27    1.85043e+131    2.46413e+294             inf             inf
1.23027e+20     3.40592e+27    2.15696e+131    2.87212e+294             inf             inf
1.25893e+20      3.9353e+27    2.49215e+131    3.31894e+294             inf             inf
1.28825e+20     4.51364e+27    2.85842e+131     3.8063e+294             inf             inf
1.31826e+20      5.1447e+27    3.25803e+131    4.33876e+294             inf             inf
1.34896e+20     5.82971e+27    3.69192e+131    4.91614e+294             inf             inf
1.38038e+20     6.56845e+27    4.15969e+131    5.53924e+294             inf             inf
1.41254e+20     7.36095e+27    4.66154e+131    6.20778e+294             inf             inf
1.44544e+20     8.20662e+27    5.19684e+131    6.92088e+294             inf             inf
1.47911e+20     9.10421e+27    5.76549e+131    7.67758e+294             inf             inf
1.51356e+20     1.00525e+28    6.36605e+131    8.47753e+294             inf             inf
1.54882e+20     1.10496e+28    6.99734e+131    9.31818e+294             inf             inf
1.58489e+20     1.20933e+28    7.65832e+131    1.01986e+295             inf             inf
1.62181e+20      1.3188e+28    8.35145e+131    1.11216e+295             inf             inf
1.65959e+20     1.43386e+28    9.08021e+131    1.20922e+295             inf             inf
1.69824e+20     1.55447e+28    9.84418e+131    1.31091e+295             inf             inf
1.7378e+20     1.68053e+28    1.06422e+132    1.41722e+295             inf             inf
1.77828e+20     1.81193e+28    1.14745e+132    1.52802e+295             inf             inf
1.8197e+20      1.9485e+28    1.23394e+132    1.64319e+295             inf             inf
1.86209e+20     2.09012e+28     1.3236e+132    1.76264e+295             inf             inf
1.90546e+20     2.23654e+28    1.41636e+132    1.88612e+295             inf             inf
1.94984e+20     2.38766e+28    1.51203e+132    2.01352e+295             inf             inf
1.99526e+20     2.54317e+28    1.61053e+132    2.14469e+295             inf             inf
2.04174e+20     2.70369e+28    1.71216e+132    2.28007e+295             inf             inf
2.0893e+20     2.86978e+28     1.8174e+132    2.42013e+295             inf             inf
2.13796e+20     3.04139e+28    1.92604e+132    2.56485e+295             inf             inf
2.18776e+20     3.21848e+28    2.03816e+132    2.71419e+295             inf             inf
2.23872e+20     3.40086e+28    2.15365e+132    2.86803e+295             inf             inf
2.29087e+20      3.5885e+28     2.2725e+132    3.02626e+295             inf             inf
2.34423e+20     3.78123e+28    2.39455e+132    3.18876e+295             inf             inf
2.39883e+20     3.97893e+28    2.51974e+132    3.35549e+295             inf             inf
2.45471e+20     4.18146e+28    2.64799e+132    3.52627e+295             inf             inf
2.51189e+20     4.38863e+28     2.7792e+132    3.70106e+295             inf             inf
2.5704e+20     4.60113e+28    2.91377e+132    3.88017e+295             inf             inf
2.63027e+20     4.81948e+28    3.05204e+132    4.06433e+295             inf             inf
2.69153e+20     5.04376e+28    3.19407e+132    4.25348e+295             inf             inf
2.75423e+20     5.27386e+28    3.33979e+132    4.44753e+295             inf             inf
2.81838e+20     5.50975e+28    3.48917e+132     4.6465e+295             inf             inf
2.88403e+20     5.75141e+28    3.64221e+132    4.85025e+295             inf             inf
2.95121e+20     5.99869e+28    3.79878e+132     5.0588e+295             inf             inf
3.01995e+20     6.25157e+28    3.95893e+132    5.27205e+295             inf             inf
3.0903e+20     6.50996e+28    4.12259e+132    5.48994e+295             inf             inf
3.16228e+20     6.77375e+28    4.28961e+132    5.71241e+295             inf             inf
3.23594e+20     7.04358e+28    4.46052e+132    5.93999e+295             inf             inf
3.31131e+20     7.32011e+28    4.63564e+132    6.17317e+295             inf             inf
3.38844e+20     7.60333e+28    4.81497e+132    6.41203e+295             inf             inf
3.46737e+20     7.89326e+28    4.99856e+132    6.65649e+295             inf             inf
3.54813e+20     8.18987e+28    5.18645e+132    6.90665e+295             inf             inf
3.63078e+20     8.49318e+28    5.37849e+132    7.16245e+295             inf             inf
3.71535e+20      8.8032e+28    5.57482e+132    7.42391e+295             inf             inf
3.80189e+20      9.1199e+28    5.77538e+132     7.6909e+295             inf             inf
3.89045e+20      9.4432e+28     5.9801e+132     7.9636e+295             inf             inf
3.98107e+20     9.77314e+28    6.18907e+132    8.24186e+295             inf             inf
4.0738e+20     1.01103e+29    6.40263e+132    8.52625e+295             inf             inf
4.16869e+20     1.04555e+29    6.62116e+132    8.81731e+295             inf             inf
4.2658e+20     1.08086e+29    6.84479e+132    9.11509e+295             inf             inf
4.36516e+20     1.11698e+29    7.07353e+132    9.41976e+295             inf             inf
4.46684e+20     1.15391e+29    7.30743e+132    9.73111e+295             inf             inf
4.57088e+20     1.19166e+29    7.54642e+132    1.00494e+296             inf             inf
4.67735e+20     1.23023e+29    7.79067e+132    1.03747e+296             inf             inf
4.7863e+20     1.26962e+29    8.04016e+132    1.07069e+296             inf             inf
4.89779e+20     1.30984e+29    8.29485e+132    1.10461e+296             inf             inf
5.01187e+20      1.3509e+29    8.55489e+132    1.13924e+296             inf             inf
5.12861e+20     1.39286e+29    8.82058e+132    1.17463e+296             inf             inf
5.24807e+20     1.43579e+29    9.09249e+132    1.21083e+296             inf             inf
5.37032e+20     1.47971e+29     9.3706e+132    1.24786e+296             inf             inf
5.49541e+20     1.52463e+29    9.65505e+132    1.28574e+296             inf             inf
5.62341e+20     1.57056e+29    9.94592e+132    1.32448e+296             inf             inf
5.7544e+20     1.61751e+29    1.02433e+133    1.36407e+296             inf             inf
5.88844e+20      1.6655e+29    1.05471e+133    1.40454e+296             inf             inf
6.0256e+20     1.71454e+29    1.08577e+133     1.4459e+296             inf             inf
6.16595e+20     1.76463e+29    1.11749e+133    1.48815e+296             inf             inf
6.30957e+20      1.8158e+29     1.1499e+133    1.53129e+296             inf             inf
6.45654e+20     1.86811e+29    1.18302e+133    1.57541e+296             inf             inf
6.60693e+20     1.92164e+29    1.21692e+133    1.62055e+296             inf             inf
6.76083e+20     1.97642e+29    1.25161e+133    1.66675e+296             inf             inf
6.91831e+20     2.03245e+29     1.2871e+133      1.714e+296             inf             inf
7.07946e+20     2.08977e+29    1.32339e+133    1.76234e+296             inf             inf
7.24436e+20      2.1484e+29    1.36052e+133    1.81178e+296             inf             inf
7.4131e+20     2.20835e+29    1.39849e+133    1.86234e+296             inf             inf
7.58578e+20     2.26965e+29    1.43731e+133    1.91403e+296             inf             inf
7.76247e+20     2.33231e+29    1.47699e+133    1.96688e+296             inf             inf
7.94328e+20     2.39637e+29    1.51755e+133     2.0209e+296             inf             inf
8.12831e+20     2.46189e+29    1.55905e+133    2.07616e+296             inf             inf
8.31764e+20     2.52896e+29    1.60152e+133    2.13272e+296             inf             inf
8.51138e+20     2.59761e+29    1.64499e+133    2.19061e+296             inf             inf
8.70964e+20     2.66788e+29    1.68949e+133    2.24987e+296             inf             inf
8.91251e+20     2.73978e+29    1.73502e+133     2.3105e+296             inf             inf
9.12011e+20     2.81335e+29    1.78162e+133    2.37255e+296             inf             inf
9.33254e+20     2.88863e+29     1.8293e+133    2.43603e+296             inf             inf
9.54993e+20     2.96565e+29    1.87806e+133    2.50098e+296             inf             inf
9.77237e+20     3.04443e+29    1.92795e+133    2.56743e+296             inf             inf
1e+21     3.12503e+29    1.97899e+133    2.63539e+296             inf             inf
1.02329e+21     3.20749e+29    2.03122e+133    2.70494e+296             inf             inf
1.04713e+21     3.29194e+29    2.08469e+133    2.77615e+296             inf             inf
1.07152e+21      3.3784e+29    2.13945e+133    2.84906e+296             inf             inf
1.09648e+21     3.46691e+29     2.1955e+133    2.92371e+296             inf             inf
1.12202e+21     3.55753e+29    2.25289e+133    3.00012e+296             inf             inf
1.14815e+21     3.65029e+29    2.31163e+133    3.07836e+296             inf             inf
1.1749e+21     3.74524e+29    2.37175e+133    3.15841e+296             inf             inf
1.20226e+21     3.84242e+29     2.4333e+133    3.24038e+296             inf             inf
1.23027e+21     3.94188e+29    2.49629e+133    3.32426e+296             inf             inf
1.25893e+21     4.04367e+29    2.56075e+133    3.41009e+296             inf             inf
1.28825e+21     4.14788e+29    2.62673e+133    3.49797e+296             inf             inf
1.31826e+21     4.25459e+29    2.69432e+133    3.58797e+296             inf             inf
1.34896e+21     4.36386e+29    2.76351e+133    3.68012e+296             inf             inf
1.38038e+21     4.47576e+29    2.83437e+133    3.77448e+296             inf             inf
1.41254e+21     4.59031e+29    2.90693e+133     3.8711e+296             inf             inf
1.44544e+21     4.70762e+29     2.9812e+133    3.97001e+296             inf             inf
1.47911e+21     4.82771e+29    3.05726e+133     4.0713e+296             inf             inf
1.51356e+21     4.95067e+29    3.13513e+133    4.17499e+296             inf             inf
1.54882e+21     5.07653e+29    3.21483e+133    4.28113e+296             inf             inf
1.58489e+21     5.20539e+29    3.29643e+133    4.38979e+296             inf             inf
1.62181e+21     5.33732e+29    3.37998e+133    4.50106e+296             inf             inf
1.65959e+21     5.47242e+29    3.46554e+133    4.61498e+296             inf             inf
1.69824e+21     5.61077e+29    3.55314e+133    4.73166e+296             inf             inf
1.7378e+21     5.75244e+29    3.64286e+133    4.85113e+296             inf             inf
1.77828e+21      5.8975e+29    3.73472e+133    4.97345e+296             inf             inf
1.8197e+21     6.04603e+29    3.82878e+133    5.09872e+296             inf             inf
1.86209e+21      6.1981e+29    3.92509e+133    5.22697e+296             inf             inf
1.90546e+21     6.35381e+29    4.02369e+133    5.35827e+296             inf             inf
1.94984e+21     6.51322e+29    4.12464e+133    5.49271e+296             inf             inf
1.99526e+21     6.67644e+29    4.22801e+133    5.63036e+296             inf             inf
2.04174e+21     6.84355e+29    4.33383e+133    5.77128e+296             inf             inf
2.0893e+21     7.01465e+29    4.44219e+133    5.91558e+296             inf             inf
2.13796e+21     7.18985e+29    4.55314e+133    6.06333e+296             inf             inf
2.18776e+21     7.36924e+29    4.66674e+133    6.21461e+296             inf             inf
2.23872e+21     7.55292e+29    4.78305e+133     6.3695e+296             inf             inf
2.29087e+21     7.74097e+29    4.90214e+133    6.52809e+296             inf             inf
2.34423e+21      7.9335e+29    5.02406e+133    6.69046e+296             inf             inf
2.39883e+21      8.1306e+29    5.14889e+133    6.85668e+296             inf             inf
2.45471e+21     8.33241e+29    5.27669e+133    7.02686e+296             inf             inf
2.51189e+21     8.53899e+29    5.40751e+133    7.20108e+296             inf             inf
2.5704e+21     8.75049e+29    5.54144e+133    7.37943e+296             inf             inf
2.63027e+21     8.96702e+29    5.67856e+133    7.56205e+296             inf             inf
2.69153e+21      9.1887e+29    5.81896e+133      7.749e+296             inf             inf
2.75423e+21     9.41565e+29    5.96267e+133    7.94037e+296             inf             inf
2.81838e+21     9.64798e+29     6.1098e+133    8.13631e+296             inf             inf
2.88403e+21     9.88582e+29    6.26042e+133    8.33688e+296             inf             inf
2.95121e+21     1.01293e+30    6.41459e+133    8.54219e+296             inf             inf
3.01995e+21     1.03785e+30    6.57242e+133    8.75237e+296             inf             inf
3.0903e+21     1.06336e+30    6.73399e+133    8.96753e+296             inf             inf
3.16228e+21     1.08948e+30    6.89936e+133    9.18774e+296             inf             inf
3.23594e+21     1.11621e+30    7.06863e+133    9.41317e+296             inf             inf
3.31131e+21     1.14357e+30    7.24192e+133    9.64393e+296             inf             inf
3.38844e+21     1.17158e+30    7.41927e+133    9.88011e+296             inf             inf
3.46737e+21     1.20025e+30    7.60082e+133    1.01219e+297             inf             inf
3.54813e+21     1.22959e+30    7.78665e+133    1.03693e+297             inf             inf
3.63078e+21     1.25962e+30    7.97683e+133    1.06226e+297             inf             inf
3.71535e+21     1.29036e+30    8.17151e+133    1.08818e+297             inf             inf
3.80189e+21     1.32182e+30    8.37075e+133    1.11472e+297             inf             inf
3.89045e+21     1.35402e+30    8.57466e+133    1.14187e+297             inf             inf
3.98107e+21     1.38698e+30    8.78334e+133    1.16966e+297             inf             inf
4.0738e+21      1.4207e+30    8.99692e+133     1.1981e+297             inf             inf
4.16869e+21     1.45522e+30    9.21552e+133    1.22721e+297             inf             inf
4.2658e+21     1.49055e+30    9.43923e+133      1.257e+297             inf             inf
4.36516e+21      1.5267e+30    9.66817e+133    1.28749e+297             inf             inf
4.46684e+21      1.5637e+30    9.90246e+133    1.31869e+297             inf             inf
4.57088e+21     1.60156e+30    1.01422e+134    1.35062e+297             inf             inf
4.67735e+21      1.6403e+30    1.03876e+134     1.3833e+297             inf             inf
4.7863e+21     1.67995e+30    1.06387e+134    1.41673e+297             inf             inf
4.89779e+21     1.72052e+30    1.08956e+134    1.45095e+297             inf             inf
5.01187e+21     1.76204e+30    1.11585e+134    1.48596e+297             inf             inf
5.12861e+21     1.80452e+30    1.14275e+134    1.52179e+297             inf             inf
5.24807e+21     1.84799e+30    1.17028e+134    1.55845e+297             inf             inf
5.37032e+21     1.89248e+30    1.19845e+134    1.59596e+297             inf             inf
5.49541e+21     1.93799e+30    1.22728e+134    1.63434e+297             inf             inf
5.62341e+21     1.98457e+30    1.25677e+134    1.67362e+297             inf             inf
5.7544e+21     2.03222e+30    1.28695e+134    1.71381e+297             inf             inf
5.88844e+21     2.08098e+30    1.31783e+134    1.75493e+297             inf             inf
6.0256e+21     2.13087e+30    1.34942e+134      1.797e+297             inf             inf
6.16595e+21     2.18192e+30    1.38175e+134    1.84005e+297             inf             inf
6.30957e+21     2.23414e+30    1.41482e+134    1.88409e+297             inf             inf
6.45654e+21     2.28758e+30    1.44866e+134    1.92915e+297             inf             inf
6.60693e+21     2.34225e+30    1.48328e+134    1.97526e+297             inf             inf
6.76083e+21     2.39818e+30     1.5187e+134    2.02243e+297             inf             inf
6.91831e+21     2.45541e+30    1.55495e+134    2.07069e+297             inf             inf
7.07946e+21     2.51396e+30    1.59202e+134    2.12007e+297             inf             inf
7.24436e+21     2.57387e+30    1.62996e+134    2.17059e+297             inf             inf
7.4131e+21     2.63515e+30    1.66877e+134    2.22227e+297             inf             inf
7.58578e+21     2.69785e+30    1.70847e+134    2.27514e+297             inf             inf
7.76247e+21     2.76199e+30    1.74909e+134    2.32923e+297             inf             inf
7.94328e+21      2.8276e+30    1.79064e+134    2.38457e+297             inf             inf
8.12831e+21     2.89473e+30    1.83315e+134    2.44117e+297             inf             inf
8.31764e+21     2.96341e+30    1.87664e+134    2.49909e+297             inf             inf
8.51138e+21     3.03366e+30    1.92114e+134    2.55834e+297             inf             inf
8.70964e+21     3.10554e+30    1.96665e+134    2.61895e+297             inf             inf
8.91251e+21     3.17907e+30    2.01321e+134    2.68096e+297             inf             inf
9.12011e+21     3.25428e+30    2.06085e+134    2.74439e+297             inf             inf
9.33254e+21     3.33123e+30    2.10958e+134    2.80928e+297             inf             inf
9.54993e+21     3.40995e+30    2.15942e+134    2.87566e+297             inf             inf
9.77237e+21     3.49046e+30    2.21041e+134    2.94357e+297             inf             inf
1e+22     3.57283e+30    2.26257e+134    3.01303e+297             inf             inf
