# z_g, E_g(E_in, z=0, z_g) [eV], log10(E_in [eV]) = 17, 18, 19, 20, 21
0.0001           1e+17           1e+18           1e+19           1e+20           1e+21
0.000102188           1e+17           1e+18     1.00001e+19     1.00007e+20     1.00073e+21
0.000104423           1e+17     1.00001e+18     1.00002e+19     1.00015e+20     1.00148e+21
0.000106707     1.00001e+17     1.00001e+18     1.00003e+19     1.00023e+20     1.00225e+21
0.000109041     1.00001e+17     1.00001e+18     1.00004e+19     1.00031e+20     1.00304e+21
0.000111427     1.00001e+17     1.00001e+18     1.00005e+19     1.00039e+20     1.00384e+21
0.000113864     1.00001e+17     1.00002e+18     1.00006e+19     1.00047e+20     1.00466e+21
0.000116355     1.00002e+17     1.00002e+18     1.00007e+19     1.00056e+20      1.0055e+21
0.0001189     1.00002e+17     1.00002e+18     1.00008e+19     1.00064e+20     1.00636e+21
0.000121501     1.00002e+17     1.00003e+18     1.00009e+19     1.00073e+20     1.00724e+21
0.000124159     1.00002e+17     1.00003e+18      1.0001e+19     1.00082e+20     1.00814e+21
0.000126875     1.00003e+17     1.00003e+18     1.00012e+19     1.00091e+20     1.00906e+21
0.000129651     1.00003e+17     1.00003e+18     1.00013e+19     1.00101e+20        1.01e+21
0.000132487     1.00003e+17     1.00004e+18     1.00014e+19      1.0011e+20     1.01096e+21
0.000135385     1.00004e+17     1.00004e+18     1.00015e+19      1.0012e+20     1.01194e+21
0.000138347     1.00004e+17     1.00005e+18     1.00017e+19      1.0013e+20     1.01295e+21
0.000141373     1.00004e+17     1.00005e+18     1.00018e+19     1.00141e+20     1.01398e+21
0.000144466     1.00004e+17     1.00005e+18     1.00019e+19     1.00151e+20     1.01503e+21
0.000147626     1.00005e+17     1.00006e+18     1.00021e+19     1.00162e+20     1.01611e+21
0.000150855     1.00005e+17     1.00006e+18     1.00022e+19     1.00173e+20     1.01721e+21
0.000154155     1.00005e+17     1.00006e+18     1.00023e+19     1.00184e+20     1.01834e+21
0.000157528     1.00006e+17     1.00007e+18     1.00025e+19     1.00196e+20      1.0195e+21
0.000160974     1.00006e+17     1.00007e+18     1.00026e+19     1.00208e+20     1.02068e+21
0.000164495     1.00006e+17     1.00008e+18     1.00028e+19      1.0022e+20     1.02189e+21
0.000168093     1.00007e+17     1.00008e+18     1.00029e+19     1.00232e+20     1.02312e+21
0.00017177     1.00007e+17     1.00008e+18     1.00031e+19     1.00245e+20     1.02439e+21
0.000175528     1.00008e+17     1.00009e+18     1.00033e+19     1.00257e+20     1.02568e+21
0.000179368     1.00008e+17     1.00009e+18     1.00034e+19     1.00271e+20     1.02701e+21
0.000183291     1.00008e+17      1.0001e+18     1.00036e+19     1.00284e+20     1.02837e+21
0.000187301     1.00009e+17      1.0001e+18     1.00038e+19     1.00298e+20     1.02975e+21
0.000191398     1.00009e+17     1.00011e+18      1.0004e+19     1.00312e+20     1.03117e+21
0.000195585      1.0001e+17     1.00011e+18     1.00041e+19     1.00326e+20     1.03263e+21
0.000199864      1.0001e+17     1.00012e+18     1.00043e+19     1.00341e+20     1.03412e+21
0.000204236      1.0001e+17     1.00012e+18     1.00045e+19     1.00356e+20     1.03564e+21
0.000208704     1.00011e+17     1.00013e+18     1.00047e+19     1.00371e+20      1.0372e+21
0.000213269     1.00011e+17     1.00013e+18     1.00049e+19     1.00387e+20     1.03879e+21
0.000217934     1.00012e+17     1.00014e+18     1.00051e+19     1.00403e+20     1.04043e+21
0.000222702     1.00012e+17     1.00014e+18     1.00053e+19      1.0042e+20      1.0421e+21
0.000227574     1.00013e+17     1.00015e+18     1.00055e+19     1.00436e+20     1.04381e+21
0.000232552     1.00013e+17     1.00016e+18     1.00057e+19     1.00453e+20     1.04556e+21
0.000237639     1.00014e+17     1.00016e+18      1.0006e+19     1.00471e+20     1.04736e+21
0.000242837     1.00014e+17     1.00017e+18     1.00062e+19     1.00489e+20     1.04919e+21
0.00024815     1.00015e+17     1.00017e+18     1.00064e+19     1.00507e+20     1.05107e+21
0.000253578     1.00015e+17     1.00018e+18     1.00067e+19     1.00526e+20       1.053e+21
0.000259125     1.00016e+17     1.00019e+18     1.00069e+19     1.00545e+20     1.05497e+21
0.000264793     1.00016e+17     1.00019e+18     1.00071e+19     1.00565e+20     1.05699e+21
0.000270586     1.00017e+17      1.0002e+18     1.00074e+19     1.00585e+20     1.05906e+21
0.000276505     1.00018e+17     1.00021e+18     1.00076e+19     1.00606e+20     1.06117e+21
0.000282554     1.00018e+17     1.00021e+18     1.00079e+19     1.00627e+20     1.06334e+21
0.000288735     1.00019e+17     1.00022e+18     1.00082e+19     1.00648e+20     1.06556e+21
0.000295051      1.0002e+17     1.00023e+18     1.00084e+19      1.0067e+20     1.06784e+21
0.000301505      1.0002e+17     1.00024e+18     1.00087e+19     1.00692e+20     1.07017e+21
0.000308101     1.00021e+17     1.00024e+18      1.0009e+19     1.00715e+20     1.07256e+21
0.000314841     1.00021e+17     1.00025e+18     1.00093e+19     1.00739e+20       1.075e+21
0.000321728     1.00022e+17     1.00026e+18     1.00096e+19     1.00763e+20     1.07751e+21
0.000328766     1.00023e+17     1.00027e+18     1.00099e+19     1.00787e+20     1.08007e+21
0.000335958     1.00024e+17     1.00028e+18     1.00102e+19     1.00813e+20      1.0827e+21
0.000343307     1.00024e+17     1.00029e+18     1.00105e+19     1.00838e+20      1.0854e+21
0.000350817     1.00025e+17      1.0003e+18     1.00109e+19     1.00865e+20     1.08816e+21
0.000358491     1.00026e+17      1.0003e+18     1.00112e+19     1.00891e+20     1.09099e+21
0.000366333     1.00027e+17     1.00031e+18     1.00115e+19     1.00919e+20     1.09389e+21
0.000374347     1.00027e+17     1.00032e+18     1.00119e+19     1.00947e+20     1.09686e+21
0.000382536     1.00028e+17     1.00033e+18     1.00122e+19     1.00976e+20     1.09991e+21
0.000390904     1.00029e+17     1.00034e+18     1.00126e+19     1.01005e+20     1.10303e+21
0.000399455      1.0003e+17     1.00035e+18      1.0013e+19     1.01035e+20     1.10624e+21
0.000408194     1.00031e+17     1.00036e+18     1.00134e+19     1.01066e+20     1.10952e+21
0.000417123     1.00032e+17     1.00037e+18     1.00137e+19     1.01098e+20     1.11288e+21
0.000426248     1.00033e+17     1.00038e+18     1.00141e+19      1.0113e+20     1.11633e+21
0.000435572     1.00034e+17      1.0004e+18     1.00145e+19     1.01163e+20     1.11987e+21
0.0004451     1.00035e+17     1.00041e+18      1.0015e+19     1.01197e+20      1.1235e+21
0.000454837     1.00035e+17     1.00042e+18     1.00154e+19     1.01231e+20     1.12722e+21
0.000464787     1.00036e+17     1.00043e+18     1.00158e+19     1.01267e+20     1.13104e+21
0.000474954     1.00037e+17     1.00044e+18     1.00162e+19     1.01303e+20     1.13496e+21
0.000485344     1.00039e+17     1.00045e+18     1.00167e+19      1.0134e+20     1.13897e+21
0.000495961      1.0004e+17     1.00047e+18     1.00172e+19     1.01378e+20     1.14309e+21
0.00050681     1.00041e+17     1.00048e+18     1.00176e+19     1.01416e+20     1.14732e+21
0.000517897     1.00042e+17     1.00049e+18     1.00181e+19     1.01456e+20     1.15166e+21
0.000529226     1.00043e+17     1.00051e+18     1.00186e+19     1.01497e+20     1.15611e+21
0.000540803     1.00044e+17     1.00052e+18     1.00191e+19     1.01538e+20     1.16068e+21
0.000552634     1.00045e+17     1.00053e+18     1.00196e+19     1.01581e+20     1.16537e+21
0.000564723     1.00046e+17     1.00055e+18     1.00201e+19     1.01624e+20     1.17019e+21
0.000577076     1.00048e+17     1.00056e+18     1.00207e+19     1.01669e+20     1.17513e+21
0.0005897     1.00049e+17     1.00058e+18     1.00212e+19     1.01714e+20      1.1802e+21
0.0006026      1.0005e+17     1.00059e+18     1.00218e+19     1.01761e+20     1.18541e+21
0.000615782     1.00052e+17     1.00061e+18     1.00224e+19     1.01809e+20     1.19076e+21
0.000629252     1.00053e+17     1.00062e+18     1.00229e+19     1.01857e+20     1.19626e+21
0.000643018     1.00054e+17     1.00064e+18     1.00235e+19     1.01908e+20      1.2019e+21
0.000657084     1.00056e+17     1.00066e+18     1.00242e+19     1.01959e+20      1.2077e+21
0.000671458     1.00057e+17     1.00067e+18     1.00248e+19     1.02011e+20     1.21366e+21
0.000686146     1.00059e+17     1.00069e+18     1.00254e+19     1.02065e+20     1.21978e+21
0.000701156      1.0006e+17     1.00071e+18     1.00261e+19      1.0212e+20     1.22607e+21
0.000716494     1.00062e+17     1.00073e+18     1.00267e+19     1.02176e+20     1.23254e+21
0.000732168     1.00063e+17     1.00074e+18     1.00274e+19     1.02234e+20     1.23919e+21
0.000748184     1.00065e+17     1.00076e+18     1.00281e+19     1.02293e+20     1.24602e+21
0.000764551     1.00066e+17     1.00078e+18     1.00288e+19     1.02353e+20     1.25304e+21
0.000781276     1.00068e+17      1.0008e+18     1.00295e+19     1.02415e+20     1.26027e+21
0.000798366      1.0007e+17     1.00082e+18     1.00303e+19     1.02478e+20      1.2677e+21
0.000815831     1.00072e+17     1.00084e+18     1.00311e+19     1.02543e+20     1.27534e+21
0.000833678     1.00073e+17     1.00086e+18     1.00318e+19      1.0261e+20      1.2832e+21
0.000851915     1.00075e+17     1.00089e+18     1.00326e+19     1.02678e+20     1.29128e+21
0.000870551     1.00077e+17     1.00091e+18     1.00334e+19     1.02748e+20      1.2996e+21
0.000889594     1.00079e+17     1.00093e+18     1.00343e+19     1.02819e+20     1.30816e+21
0.000909054     1.00081e+17     1.00095e+18     1.00351e+19     1.02893e+20     1.31697e+21
0.00092894     1.00083e+17     1.00098e+18      1.0036e+19     1.02968e+20     1.32604e+21
0.000949261     1.00085e+17       1.001e+18     1.00369e+19     1.03044e+20     1.33538e+21
0.000970027     1.00087e+17     1.00102e+18     1.00378e+19     1.03123e+20     1.34499e+21
0.000991246     1.00089e+17     1.00105e+18     1.00387e+19     1.03204e+20     1.35489e+21
0.00101293     1.00091e+17     1.00108e+18     1.00396e+19     1.03287e+20     1.36509e+21
0.00103509     1.00093e+17      1.0011e+18     1.00406e+19     1.03372e+20      1.3756e+21
0.00105773     1.00096e+17     1.00113e+18     1.00416e+19     1.03459e+20     1.38643e+21
0.00108087     1.00098e+17     1.00116e+18     1.00426e+19     1.03548e+20     1.39759e+21
0.00110451       1.001e+17     1.00118e+18     1.00436e+19     1.03639e+20     1.40909e+21
0.00112868     1.00103e+17     1.00121e+18     1.00447e+19     1.03733e+20     1.42095e+21
0.00115337     1.00105e+17     1.00124e+18     1.00457e+19     1.03829e+20     1.43318e+21
0.0011786     1.00108e+17     1.00127e+18     1.00468e+19     1.03927e+20      1.4458e+21
0.00120438      1.0011e+17      1.0013e+18      1.0048e+19     1.04028e+20     1.45882e+21
0.00123073     1.00113e+17     1.00133e+18     1.00491e+19     1.04132e+20     1.47225e+21
0.00125765     1.00116e+17     1.00136e+18     1.00503e+19     1.04238e+20     1.48611e+21
0.00128516     1.00119e+17      1.0014e+18     1.00515e+19     1.04347e+20     1.50042e+21
0.00131327     1.00121e+17     1.00143e+18     1.00527e+19     1.04459e+20      1.5152e+21
0.001342     1.00124e+17     1.00146e+18      1.0054e+19     1.04573e+20     1.53046e+21
0.00137136     1.00127e+17      1.0015e+18     1.00552e+19     1.04691e+20     1.54623e+21
0.00140136      1.0013e+17     1.00153e+18     1.00566e+19     1.04812e+20     1.56252e+21
0.00143201     1.00133e+17     1.00157e+18     1.00579e+19     1.04936e+20     1.57937e+21
0.00146334     1.00136e+17     1.00161e+18     1.00593e+19     1.05063e+20     1.59678e+21
0.00149535      1.0014e+17     1.00164e+18     1.00607e+19     1.05194e+20     1.61478e+21
0.00152806     1.00143e+17     1.00168e+18     1.00621e+19     1.05328e+20      1.6334e+21
0.00156149     1.00146e+17     1.00172e+18     1.00635e+19     1.05465e+20     1.65266e+21
0.00159565      1.0015e+17     1.00176e+18      1.0065e+19     1.05607e+20     1.67259e+21
0.00163055     1.00153e+17      1.0018e+18     1.00666e+19     1.05752e+20     1.69322e+21
0.00166622     1.00157e+17     1.00185e+18     1.00681e+19     1.05901e+20     1.71458e+21
0.00170267      1.0016e+17     1.00189e+18     1.00697e+19     1.06054e+20      1.7367e+21
0.00173992     1.00164e+17     1.00193e+18     1.00713e+19     1.06211e+20     1.75962e+21
0.00177798     1.00168e+17     1.00198e+18      1.0073e+19     1.06373e+20     1.78337e+21
0.00181687     1.00172e+17     1.00202e+18     1.00747e+19     1.06539e+20     1.80799e+21
0.00185662     1.00176e+17     1.00207e+18     1.00765e+19      1.0671e+20     1.83352e+21
0.00189723      1.0018e+17     1.00212e+18     1.00782e+19     1.06886e+20        1.86e+21
0.00193873     1.00184e+17     1.00217e+18     1.00801e+19     1.07066e+20     1.88749e+21
0.00198114     1.00188e+17     1.00222e+18     1.00819e+19     1.07252e+20     1.91601e+21
0.00202448     1.00192e+17     1.00227e+18     1.00838e+19     1.07443e+20     1.94564e+21
0.00206877     1.00197e+17     1.00232e+18     1.00857e+19     1.07639e+20     1.97641e+21
0.00211402     1.00201e+17     1.00237e+18     1.00877e+19     1.07841e+20     2.00839e+21
0.00216027     1.00206e+17     1.00243e+18     1.00898e+19     1.08049e+20     2.04164e+21
0.00220752     1.00211e+17     1.00248e+18     1.00918e+19     1.08263e+20      2.0762e+21
0.00225581     1.00216e+17     1.00254e+18      1.0094e+19     1.08483e+20     2.11216e+21
0.00230516      1.0022e+17      1.0026e+18     1.00961e+19      1.0871e+20     2.14958e+21
0.00235559     1.00226e+17     1.00266e+18     1.00983e+19     1.08944e+20     2.18854e+21
0.00240712     1.00231e+17     1.00272e+18     1.01006e+19     1.09184e+20     2.22911e+21
0.00245977     1.00236e+17     1.00278e+18     1.01029e+19     1.09432e+20      2.2714e+21
0.00251358     1.00241e+17     1.00285e+18     1.01053e+19     1.09688e+20     2.31547e+21
0.00256857     1.00247e+17     1.00291e+18     1.01077e+19     1.09951e+20     2.36144e+21
0.00262476     1.00252e+17     1.00298e+18     1.01102e+19     1.10223e+20     2.40941e+21
0.00268217     1.00258e+17     1.00304e+18     1.01127e+19     1.10503e+20     2.45948e+21
0.00274085     1.00264e+17     1.00311e+18     1.01153e+19     1.10792e+20     2.51178e+21
0.0028008      1.0027e+17     1.00318e+18     1.01179e+19      1.1109e+20     2.56642e+21
0.00286207     1.00276e+17     1.00326e+18     1.01206e+19     1.11398e+20     2.62355e+21
0.00292468     1.00282e+17     1.00333e+18     1.01234e+19     1.11715e+20      2.6833e+21
0.00298866     1.00289e+17     1.00341e+18     1.01262e+19     1.12043e+20     2.74583e+21
0.00305404     1.00295e+17     1.00348e+18     1.01291e+19     1.12382e+20      2.8113e+21
0.00312085     1.00302e+17     1.00356e+18      1.0132e+19     1.12733e+20     2.87989e+21
0.00318912     1.00309e+17     1.00364e+18      1.0135e+19     1.13095e+20     2.95179e+21
0.00325888     1.00316e+17     1.00373e+18     1.01381e+19     1.13469e+20      3.0272e+21
0.00333017     1.00323e+17     1.00381e+18     1.01413e+19     1.13857e+20     3.10635e+21
0.00340302      1.0033e+17      1.0039e+18     1.01445e+19     1.14258e+20     3.18946e+21
0.00347746     1.00338e+17     1.00398e+18     1.01478e+19     1.14673e+20     3.27679e+21
0.00355353     1.00345e+17     1.00407e+18     1.01511e+19     1.15103e+20     3.36862e+21
0.00363127     1.00353e+17     1.00417e+18     1.01546e+19     1.15549e+20     3.46522e+21
0.0037107     1.00361e+17     1.00426e+18     1.01581e+19     1.16011e+20     3.56693e+21
0.00379187     1.00369e+17     1.00436e+18     1.01617e+19      1.1649e+20     3.67409e+21
0.00387482     1.00377e+17     1.00445e+18     1.01654e+19     1.16988e+20     3.78706e+21
0.00395959     1.00386e+17     1.00456e+18     1.01691e+19     1.17504e+20     3.90625e+21
0.0040462     1.00395e+17     1.00466e+18      1.0173e+19     1.18041e+20      4.0321e+21
0.00413472     1.00403e+17     1.00476e+18     1.01769e+19     1.18598e+20     4.16507e+21
0.00422516     1.00412e+17     1.00487e+18     1.01809e+19     1.19178e+20     4.30567e+21
0.00431759     1.00422e+17     1.00498e+18      1.0185e+19     1.19781e+20     4.45445e+21
0.00441204     1.00431e+17     1.00509e+18     1.01892e+19      1.2041e+20     4.61204e+21
0.00450856     1.00441e+17     1.00521e+18     1.01935e+19     1.21065e+20     4.77907e+21
0.00460718     1.00451e+17     1.00532e+18     1.01979e+19     1.21748e+20     4.95628e+21
0.00470797     1.00461e+17     1.00544e+18     1.02024e+19      1.2246e+20     5.14444e+21
0.00481095     1.00471e+17     1.00556e+18      1.0207e+19     1.23205e+20     5.34439e+21
0.0049162     1.00482e+17     1.00569e+18     1.02117e+19     1.23983e+20     5.55708e+21
0.00502374     1.00492e+17     1.00582e+18     1.02165e+19     1.24797e+20     5.78352e+21
0.00513364     1.00503e+17     1.00595e+18     1.02214e+19     1.25649e+20     6.02483e+21
0.00524594     1.00515e+17     1.00608e+18     1.02264e+19     1.26539e+20     6.28225e+21
0.00536069     1.00526e+17     1.00622e+18     1.02316e+19     1.27469e+20     6.55711e+21
0.00547796     1.00538e+17     1.00635e+18     1.02368e+19     1.28441e+20     6.85087e+21
0.00559779      1.0055e+17      1.0065e+18     1.02422e+19     1.29459e+20     7.16519e+21
0.00572025     1.00562e+17     1.00664e+18     1.02477e+19     1.30526e+20     7.50184e+21
0.00584538     1.00574e+17     1.00679e+18     1.02533e+19     1.31644e+20     7.86283e+21
0.00597325     1.00587e+17     1.00694e+18      1.0259e+19     1.32818e+20     8.25032e+21
0.00610392       1.006e+17      1.0071e+18     1.02649e+19     1.34051e+20     8.66671e+21
0.00623744     1.00614e+17     1.00726e+18     1.02709e+19     1.35349e+20     9.11467e+21
0.00637389     1.00627e+17     1.00742e+18     1.02771e+19     1.36716e+20     9.59719e+21
0.00651332     1.00641e+17     1.00758e+18     1.02834e+19     1.38158e+20     1.01176e+22
0.0066558     1.00656e+17     1.00775e+18     1.02898e+19     1.39681e+20     1.06793e+22
0.0068014      1.0067e+17     1.00793e+18     1.02964e+19     1.41293e+20     1.12865e+22
0.00695018     1.00685e+17      1.0081e+18     1.03031e+19        1.43e+20     1.19436e+22
0.00710222       1.007e+17     1.00828e+18       1.031e+19     1.44813e+20     1.26557e+22
0.00725758     1.00716e+17     1.00847e+18      1.0317e+19      1.4674e+20     1.34285e+22
0.00741635     1.00732e+17     1.00866e+18     1.03242e+19     1.48793e+20     1.42682e+22
0.00757858     1.00748e+17     1.00885e+18     1.03316e+19     1.50986e+20      1.5182e+22
0.00774437     1.00764e+17     1.00905e+18     1.03391e+19     1.53333e+20      1.6178e+22
0.00791378     1.00781e+17     1.00925e+18     1.03468e+19     1.55852e+20     1.72648e+22
0.0080869     1.00799e+17     1.00945e+18     1.03547e+19     1.58559e+20     1.84526e+22
0.0082638     1.00816e+17     1.00967e+18     1.03628e+19     1.61458e+20     1.97528e+22
0.00844457     1.00834e+17     1.00988e+18      1.0371e+19     1.64564e+20     2.11781e+22
0.0086293     1.00853e+17      1.0101e+18     1.03795e+19     1.67903e+20     2.27428e+22
0.00881807     1.00872e+17     1.01033e+18     1.03881e+19       1.715e+20     2.44634e+22
0.00901097     1.00891e+17     1.01056e+18     1.03969e+19     1.75389e+20     2.63586e+22
0.00920809     1.00911e+17     1.01079e+18      1.0406e+19     1.79604e+20     2.84493e+22
0.00940952     1.00931e+17     1.01103e+18     1.04152e+19     1.84191e+20     3.07596e+22
0.00961536     1.00951e+17     1.01128e+18     1.04247e+19     1.89203e+20      3.3317e+22
0.0098257     1.00972e+17     1.01153e+18     1.04344e+19     1.94702e+20     3.61526e+22
0.0100406     1.00994e+17     1.01178e+18     1.04443e+19     2.00755e+20     3.93025e+22
0.0102603     1.01016e+17     1.01205e+18     1.04544e+19     2.07388e+20     4.28077e+22
0.0104847     1.01038e+17     1.01232e+18     1.04648e+19     2.14672e+20     4.67153e+22
0.0107141     1.01061e+17     1.01259e+18     1.04755e+19     2.22714e+20     5.10801e+22
0.0109485     1.01085e+17     1.01287e+18     1.04863e+19     2.31634e+20     5.59645e+22
0.011188     1.01109e+17     1.01316e+18     1.04975e+19     2.41584e+20     6.14411e+22
0.0114327     1.01133e+17     1.01345e+18     1.05088e+19     2.52745e+20     6.75944e+22
0.0116828     1.01158e+17     1.01375e+18     1.05205e+19     2.65213e+20     7.45214e+22
0.0119384     1.01184e+17     1.01405e+18     1.05324e+19     2.79186e+20     8.23363e+22
0.0121995      1.0121e+17     1.01437e+18     1.05446e+19     2.94953e+20      9.1171e+22
0.0124664     1.01237e+17     1.01469e+18     1.05571e+19     3.12844e+20     1.01181e+23
0.0127391     1.01264e+17     1.01501e+18     1.05699e+19     3.33181e+20     1.12546e+23
0.0130178     1.01292e+17     1.01535e+18      1.0583e+19     3.56273e+20     1.25481e+23
0.0133025      1.0132e+17     1.01569e+18     1.05965e+19     3.82709e+20     1.40236e+23
0.0135935     1.01349e+17     1.01604e+18     1.06102e+19     4.13103e+20     1.57106e+23
0.0138909     1.01379e+17      1.0164e+18     1.06243e+19     4.47992e+20     1.76443e+23
0.0141948     1.01409e+17     1.01676e+18     1.06387e+19     4.88285e+20     1.98661e+23
0.0145053      1.0144e+17     1.01714e+18     1.06534e+19     5.34958e+20     2.24257e+23
0.0148226     1.01472e+17     1.01752e+18     1.06685e+19     5.89025e+20      2.5382e+23
0.0151468     1.01505e+17     1.01791e+18     1.06839e+19     6.51994e+20     2.88057e+23
0.0154782     1.01538e+17     1.01831e+18     1.06998e+19     7.25273e+20     3.27816e+23
0.0158168     1.01572e+17     1.01871e+18      1.0716e+19     8.10912e+20      3.7412e+23
0.0161628     1.01606e+17     1.01913e+18     1.07326e+19     9.10954e+20     4.28202e+23
0.0165163     1.01641e+17     1.01956e+18     1.07496e+19     1.02827e+21     4.91558e+23
0.0168776     1.01678e+17     1.01999e+18      1.0767e+19      1.1658e+21     5.66004e+23
0.0172468     1.01715e+17     1.02044e+18     1.07849e+19     1.32779e+21     6.53756e+23
0.0176241     1.01752e+17      1.0209e+18     1.08031e+19     1.51857e+21     7.57524e+23
0.0180097     1.01791e+17     1.02136e+18     1.08219e+19     1.74443e+21     8.80637e+23
0.0184036      1.0183e+17     1.02184e+18     1.08411e+19     2.01208e+21     1.02719e+24
0.0188062      1.0187e+17     1.02233e+18     1.08607e+19     2.33076e+21     1.20225e+24
0.0192176     1.01912e+17     1.02282e+18     1.08808e+19     2.71155e+21      1.4121e+24
0.019638     1.01954e+17     1.02333e+18     1.09015e+19     3.16854e+21     1.66455e+24
0.0200676     1.01997e+17     1.02385e+18     1.09226e+19     3.71906e+21     1.96939e+24
0.0205066      1.0204e+17     1.02439e+18     1.09443e+19     4.38552e+21     2.33886e+24
0.0209552     1.02085e+17     1.02493e+18     1.09665e+19     5.19641e+21     2.78839e+24
0.0214136     1.02131e+17     1.02549e+18     1.09893e+19     6.18706e+21      3.3375e+24
0.021882     1.02178e+17     1.02606e+18     1.10126e+19     7.40313e+21     4.01096e+24
0.0223607     1.02226e+17     1.02664e+18     1.10366e+19     8.90439e+21     4.84033e+24
0.0228498     1.02275e+17     1.02724e+18     1.10611e+19     1.07651e+22     5.86603e+24
0.0233497     1.02325e+17     1.02785e+18     1.10862e+19     1.30819e+22     7.14002e+24
0.0238605     1.02376e+17     1.02847e+18      1.1112e+19     1.59808e+22     8.72943e+24
0.0243824     1.02428e+17     1.02911e+18     1.11385e+19     1.96253e+22     1.07213e+25
0.0249158     1.02481e+17     1.02976e+18     1.11656e+19     2.42324e+22     1.32292e+25
0.0254608     1.02536e+17     1.03043e+18     1.11934e+19     3.00792e+22     1.64017e+25
0.0260178     1.02592e+17     1.03111e+18     1.12219e+19     3.75334e+22     2.04345e+25
0.026587     1.02648e+17     1.03181e+18     1.12512e+19     4.70859e+22     2.55863e+25
0.0271686     1.02707e+17     1.03252e+18     1.12812e+19      5.9387e+22     3.22011e+25
0.0277629     1.02766e+17     1.03325e+18      1.1312e+19      7.5294e+22     4.07385e+25
0.0283702     1.02827e+17       1.034e+18     1.13435e+19     9.59758e+22     5.18162e+25
0.0289908     1.02889e+17     1.03476e+18      1.1376e+19     1.22988e+23     6.62683e+25
0.029625     1.02952e+17     1.03554e+18     1.14092e+19     1.58464e+23     8.52282e+25
0.030273     1.03017e+17     1.03634e+18     1.14434e+19     2.05305e+23     1.10244e+26
0.0309353     1.03083e+17     1.03716e+18     1.14784e+19     2.67498e+23     1.43443e+26
0.031612     1.03151e+17       1.038e+18     1.15144e+19     3.50492e+23     1.87767e+26
0.0323035      1.0322e+17     1.03885e+18     1.15513e+19     4.61998e+23     2.47306e+26
0.0330102     1.03291e+17     1.03973e+18     1.15892e+19     6.12731e+23     3.27785e+26
0.0337323     1.03363e+17     1.04062e+18     1.16282e+19      8.1769e+23     4.37271e+26
0.0344702     1.03437e+17     1.04154e+18     1.16682e+19      1.0984e+24     5.87197e+26
0.0352242     1.03512e+17     1.04248e+18     1.17092e+19     1.48528e+24     7.93886e+26
0.0359948     1.03589e+17     1.04344e+18     1.17514e+19     2.02225e+24      1.0808e+27
0.0367822     1.03668e+17     1.04442e+18     1.17948e+19     2.77286e+24     1.48189e+27
0.0375868     1.03748e+17     1.04543e+18     1.18393e+19     3.82976e+24     2.04665e+27
0.038409     1.03831e+17     1.04646e+18     1.18851e+19     5.32883e+24     2.84778e+27
0.0392493     1.03915e+17     1.04751e+18     1.19321e+19     7.47135e+24     3.99285e+27
0.0401079        1.04e+17     1.04859e+18     1.19804e+19     1.05578e+25     5.64224e+27
0.0409852     1.04088e+17     1.04969e+18     1.20301e+19     1.50392e+25     8.03702e+27
0.0418818     1.04178e+17     1.05082e+18     1.20812e+19     2.15994e+25     1.15424e+28
0.042798     1.04269e+17     1.05198e+18     1.21338e+19     3.12826e+25     1.67165e+28
0.0437342     1.04363e+17     1.05316e+18     1.21878e+19     4.56975e+25     2.44191e+28
0.0446909     1.04459e+17     1.05437e+18     1.22433e+19     6.73446e+25     3.59866e+28
0.0456685     1.04556e+17     1.05561e+18     1.23004e+19     1.00145e+26     5.35143e+28
0.0466675     1.04656e+17     1.05688e+18     1.23592e+19     1.50306e+26     8.03184e+28
0.0476884     1.04758e+17     1.05818e+18     1.24196e+19     2.27735e+26     1.21696e+29
0.0487316     1.04863e+17     1.05951e+18     1.24817e+19     3.48425e+26     1.86187e+29
0.0497976     1.04969e+17     1.06087e+18     1.25457e+19     5.38401e+26     2.87704e+29
0.050887     1.05078e+17     1.06227e+18     1.26115e+19     8.40473e+26     4.49125e+29
0.0520002     1.05189e+17      1.0637e+18     1.26793e+19     1.32581e+27     7.08477e+29
0.0531377     1.05303e+17     1.06516e+18     1.27491e+19     2.11396e+27     1.12962e+30
0.0543001     1.05419e+17     1.06666e+18     1.28209e+19     3.40784e+27     1.82098e+30
0.0554879     1.05538e+17     1.06819e+18     1.28949e+19      5.5557e+27     2.96867e+30
0.0567017      1.0566e+17     1.06977e+18     1.29711e+19       9.162e+27     4.89579e+30
0.0579421     1.05784e+17     1.07138e+18     1.30496e+19     1.52888e+28     8.16987e+30
0.0592096      1.0591e+17     1.07303e+18     1.31305e+19     2.58233e+28     1.37996e+31
0.0605049      1.0604e+17     1.07472e+18     1.32139e+19      4.4163e+28        2.36e+31
0.0618284     1.06172e+17     1.07645e+18     1.32998e+19     7.64967e+28     4.08777e+31
0.0631809     1.06307e+17     1.07823e+18     1.33884e+19     1.34238e+29     7.17347e+31
0.0645631     1.06446e+17     1.08005e+18     1.34798e+19     2.38746e+29      1.2758e+32
0.0659754     1.06587e+17     1.08191e+18     1.35741e+19     4.30479e+29     2.30036e+32
0.0674186     1.06731e+17     1.08383e+18     1.36714e+19     7.87179e+29     4.20652e+32
0.0688934     1.06879e+17     1.08579e+18     1.37718e+19     1.46034e+30     7.80398e+32
0.0704005     1.07029e+17      1.0878e+18     1.38754e+19     2.74962e+30     1.46939e+33
0.0719406     1.07183e+17     1.08986e+18     1.39824e+19     5.25629e+30     2.80901e+33
0.0735143     1.07341e+17     1.09197e+18     1.40929e+19     1.02061e+31     5.45422e+33
0.0751224     1.07501e+17     1.09414e+18     1.42071e+19     2.01371e+31     1.07609e+34
0.0767658     1.07666e+17     1.09636e+18     1.43251e+19     4.03907e+31     2.15816e+34
0.078445     1.07834e+17     1.09864e+18      1.4447e+19     8.23765e+31     4.40168e+34
0.0801611     1.08005e+17     1.10098e+18     1.45731e+19     1.70921e+32      9.1337e+34
0.0819146     1.08181e+17     1.10338e+18     1.47034e+19     3.60979e+32     1.92913e+35
0.0837065      1.0836e+17     1.10584e+18     1.48382e+19     7.76443e+32     4.14922e+35
0.0855376     1.08543e+17     1.10837e+18     1.49776e+19     1.70135e+33     9.09213e+35
0.0874088      1.0873e+17     1.11097e+18     1.51218e+19     3.80056e+33     2.03083e+36
0.0893209     1.08921e+17     1.11363e+18     1.52709e+19     8.65717e+33     4.62602e+36
0.0912748     1.09117e+17     1.11637e+18     1.54253e+19     2.01201e+34     1.07522e+37
0.0932715     1.09316e+17     1.11918e+18     1.55851e+19     4.77432e+34     2.55136e+37
0.0953119      1.0952e+17     1.12206e+18     1.57506e+19     1.15719e+35     6.18399e+37
0.0973969     1.09729e+17     1.12503e+18      1.5922e+19     2.86698e+35     1.53192e+38
0.0995274     1.09942e+17     1.12807e+18     1.60997e+19     7.26258e+35     3.88088e+38
0.101705     1.10159e+17      1.1312e+18     1.62839e+19     1.88253e+36     1.00602e+39
0.103929     1.10382e+17     1.13442e+18     1.64749e+19     4.99641e+36     2.67016e+39
0.106203     1.10609e+17     1.13773e+18      1.6673e+19     1.35881e+37     7.26104e+39
0.108526     1.10842e+17     1.14113e+18     1.68786e+19     3.78832e+37      2.0243e+40
0.1109     1.11079e+17     1.14462e+18      1.7092e+19     1.08346e+38     5.78976e+40
0.113326     1.11321e+17     1.14822e+18     1.73137e+19     3.18126e+38     1.70003e+41
0.115805     1.11569e+17     1.15191e+18      1.7544e+19     9.59656e+38     5.12834e+41
0.118339     1.11823e+17     1.15571e+18     1.77834e+19     2.97639e+39     1.59053e+42
0.120927     1.12082e+17     1.15962e+18     1.80322e+19     9.49873e+39     5.07554e+42
0.123573     1.12346e+17     1.16364e+18     1.82908e+19     3.12096e+40     1.66777e+43
0.126276     1.12616e+17     1.16778e+18     1.85597e+19     1.05684e+41     5.64758e+43
0.129038     1.12893e+17     1.17204e+18     1.88394e+19     3.69101e+41      1.9725e+44
0.131861     1.13175e+17     1.17643e+18     1.91304e+19     1.33098e+42     7.11176e+44
0.134745     1.13463e+17     1.18095e+18     1.94334e+19     4.95747e+42     2.64926e+45
0.137693     1.13758e+17     1.18561e+18      1.9749e+19     1.90989e+43     1.02061e+46
0.140705     1.14059e+17     1.19041e+18     2.00778e+19      7.6158e+43     4.06997e+46
0.143783     1.14367e+17     1.19536e+18     2.04206e+19     3.14727e+44     1.68167e+47
0.146928     1.14681e+17     1.20046e+18     2.07781e+19     1.34863e+45      7.2068e+47
0.150143     1.15003e+17     1.20572e+18     2.11512e+19     6.00064e+45     3.20662e+48
0.153427     1.15331e+17     1.21115e+18     2.15407e+19     2.77483e+46     1.48292e+49
0.156783     1.15667e+17     1.21676e+18     2.19476e+19     1.33543e+47     7.13567e+49
0.160213      1.1601e+17     1.22255e+18     2.23726e+19      6.6933e+47     3.57673e+50
0.163718      1.1636e+17     1.22854e+18     2.28167e+19     3.49865e+48     1.86975e+51
0.167299     1.16718e+17     1.23472e+18     2.32811e+19     1.91005e+49      1.0206e+52
0.170959     1.17084e+17     1.24112e+18     2.37669e+19     1.08989e+50     5.82419e+52
0.174699     1.17458e+17     1.24774e+18     2.42754e+19     6.51045e+50     3.47927e+53
0.17852      1.1784e+17     1.25459e+18      2.4808e+19     4.07722e+51     2.17866e+54
0.182425     1.18231e+17     1.26168e+18     2.53662e+19     2.67968e+52     1.43196e+55
0.186416      1.1863e+17     1.26904e+18     2.59515e+19     1.85131e+53     9.89315e+55
0.190494     1.19037e+17     1.27666e+18     2.65656e+19     1.34646e+54     7.19496e+56
0.194661     1.19454e+17     1.28457e+18     2.72115e+19     1.03232e+55     5.51656e+57
0.198919      1.1988e+17     1.29278e+18     2.78922e+19     8.35763e+55     4.46616e+58
0.203271     1.20315e+17     1.30131e+18     2.86102e+19     7.15614e+56     3.82401e+59
0.207717      1.2076e+17     1.31018e+18     2.93684e+19     6.49051e+57     3.46853e+60
0.212261     1.21214e+17     1.31939e+18     3.01696e+19     6.24776e+58     3.33855e+61
0.216905     1.21678e+17     1.32897e+18     3.10171e+19     6.39278e+59     3.41605e+62
0.221649     1.22153e+17     1.33894e+18     3.19144e+19     6.96573e+60     3.72254e+63
0.226498     1.22638e+17      1.3493e+18     3.28666e+19         8.1e+61     4.32832e+64
0.231453     1.23133e+17      1.3601e+18      3.3894e+19     1.00685e+63     5.38038e+65
0.236516     1.23639e+17     1.37135e+18     3.50096e+19     1.34065e+64     7.16464e+66
0.24169     1.24157e+17     1.38308e+18     3.62249e+19     1.91672e+65     1.02415e+68
0.246977     1.24685e+17     1.39533e+18     3.75533e+19     2.94724e+66     1.57492e+69
0.25238     1.25225e+17     1.40814e+18     3.90107e+19     4.88628e+67     2.61118e+70
0.257901     1.25777e+17     1.42153e+18     4.06225e+19     8.75466e+68     4.67837e+71
0.263542     1.26342e+17     1.43556e+18     4.25006e+19     1.69903e+70     9.07945e+72
0.269307     1.26918e+17     1.45026e+18     4.47451e+19     3.58076e+71     1.91335e+74
0.275198     1.27507e+17     1.46569e+18     4.74895e+19     8.21351e+72      4.3893e+75
0.281219     1.28109e+17     1.48191e+18     5.09675e+19     2.05649e+74     1.09899e+77
0.28737     1.28724e+17     1.49898e+18     5.59183e+19     5.63571e+75     3.01135e+78
0.293657     1.29353e+17     1.51697e+18     6.40321e+19      1.6946e+77     9.05538e+79
0.300081     1.29995e+17     1.53596e+18     8.20539e+19     5.60774e+78     2.99695e+81
0.306645     1.30651e+17       1.556e+18     1.80512e+20     2.04895e+80     1.09489e+83
0.313353     1.31322e+17     1.57714e+18     3.31439e+21     8.28783e+81     4.42904e+84
0.320208     1.32008e+17     1.59948e+18     1.47119e+23     3.72444e+83     1.99011e+86
0.327212     1.32708e+17     1.62313e+18     7.45138e+24       1.865e+85      9.9654e+87
0.33437     1.33424e+17      1.6482e+18     4.09761e+26     1.04413e+87     5.57997e+89
0.341685     1.34155e+17     1.67484e+18     2.51809e+28     6.56119e+88     3.50597e+91
0.349159     1.34902e+17     1.70319e+18     1.73627e+30       4.642e+90      2.4808e+93
0.356797     1.35666e+17     1.73342e+18      1.3823e+32     3.71354e+92     1.98428e+95
0.364602     1.36447e+17     1.76576e+18     1.21976e+34     3.37007e+94     1.80101e+97
0.372578     1.37244e+17     1.80041e+18     1.27252e+36     3.48505e+96     1.86235e+99
0.380728     1.38059e+17     1.83763e+18     1.52834e+38     4.12279e+98    2.20305e+101
0.389057     1.38892e+17     1.87757e+18     2.10407e+40    5.60202e+100    2.99398e+103
0.397568     1.39743e+17     1.92051e+18     3.31973e+42    8.78708e+102    4.69508e+105
0.406265     1.40612e+17     1.96679e+18      6.0718e+44    1.59685e+105    8.53442e+107
0.415152     1.41501e+17     2.01682e+18     1.32124e+47    3.38154e+107    1.80665e+110
0.424233     1.42409e+17     2.07109e+18     3.31989e+49    8.37444e+109    4.47556e+112
0.433514     1.43337e+17     2.13016e+18     9.70506e+51    2.44027e+112    1.30394e+115
0.442997     1.44285e+17     2.19469e+18      3.1611e+54    8.40373e+114    4.49103e+117
0.452688     1.45254e+17     2.26526e+18     1.24855e+57    3.44019e+117    1.83834e+120
0.46259     1.46245e+17     2.34248e+18      6.1015e+59     1.6828e+120    8.99258e+122
0.47271     1.47256e+17     2.42731e+18     3.65388e+62    9.89288e+122    5.28672e+125
0.48305     1.48291e+17     2.52095e+18     2.61927e+65    7.03096e+125    3.75732e+128
0.493617     1.49347e+17     2.62483e+18     2.34871e+68    6.07756e+128    3.24777e+131
0.504415     1.50427e+17     2.74048e+18     2.55888e+71    6.42956e+131    3.43577e+134
0.51545      1.5153e+17     2.86918e+18     3.29185e+74    8.37771e+134    4.47704e+137
0.526725     1.52658e+17     3.01312e+18     5.00634e+77     1.3537e+138    7.23403e+140
0.538248      1.5381e+17     3.17508e+18     9.76151e+80    2.73066e+141    1.45939e+144
0.550022     1.54988e+17     3.35836e+18     2.54327e+84     6.9274e+144    3.70207e+147
0.562054     1.56191e+17     3.56559e+18     8.24036e+87    2.22568e+148    1.18953e+151
0.574349      1.5742e+17     3.80135e+18     3.52353e+91    9.12791e+151    4.87804e+154
0.586913     1.58677e+17      4.0714e+18     1.89192e+95    4.81421e+155    2.57294e+158
0.599752     1.59961e+17     4.38112e+18     1.22246e+99    3.29264e+159    1.75965e+162
0.612872     1.61273e+17     4.73816e+18    1.04296e+103    2.94397e+163    1.57335e+166
0.626279     1.62614e+17     5.15218e+18    1.27579e+107    3.47111e+167    1.85503e+170
0.639979     1.63985e+17     5.63207e+18    2.00519e+111    5.44436e+171    2.90954e+174
0.653979     1.65386e+17     6.19272e+18    4.49356e+115    1.14636e+176    6.12632e+178
0.668285     1.66817e+17     6.84838e+18    1.25023e+120    3.27107e+180    1.74804e+183
0.682904      1.6828e+17     7.61802e+18    4.50902e+124    1.27704e+185    6.82461e+187
0.697843     1.69775e+17     8.52254e+18    2.52118e+129    6.89075e+189    3.68224e+192
0.713108     1.71303e+17     9.58895e+18    1.89526e+134    5.19087e+194    2.77408e+197
0.728708     1.72864e+17     1.08472e+19    2.16465e+139    5.51916e+199     2.9492e+202
0.744648      1.7446e+17     1.23337e+19    3.15578e+144    8.36999e+204    4.47319e+207
0.760938     1.76092e+17      1.4084e+19    6.38803e+149    1.83193e+210    9.78919e+212
0.777584      1.7776e+17     1.61519e+19      2.136e+155    5.85109e+215    3.12709e+218
0.794594     1.79465e+17     1.86028e+19    1.02513e+161    2.76153e+221    1.47568e+224
0.811976     1.81208e+17     2.15611e+19    7.67208e+166    1.94885e+227    1.04152e+230
0.829738     1.82989e+17     2.53511e+19    7.48684e+172    2.08381e+233    1.11347e+236
0.847889     1.84811e+17     3.09461e+19    1.23516e+179    3.41883e+239    1.82692e+242
0.866437     1.86674e+17     4.72864e+19    3.12209e+185    8.72651e+245     4.6629e+248
0.88539      1.8858e+17     2.69091e+22     1.3745e+192    3.51327e+252    1.87726e+255
0.904759     1.90528e+17     2.98587e+29    8.23133e+198    2.26313e+259    1.20936e+262
0.924551     1.92522e+17     6.62223e+36    8.46004e+205    2.36794e+266    1.26518e+269
0.944776     1.94562e+17     1.29684e+44    1.44556e+213    4.08379e+273    2.18241e+276
0.965443      1.9665e+17     4.42532e+51    4.61064e+220    1.18006e+281    6.30527e+283
0.986562     1.98788e+17     8.55418e+58    2.10369e+228    5.80194e+288    3.10079e+291
1.00814     2.00977e+17     4.43415e+66    1.76902e+236     4.9392e+296    2.63916e+299
1.0302     2.03219e+17     8.06051e+74    2.66138e+244    7.39964e+304     3.9548e+307
1.05273     2.05517e+17     5.00461e+83    7.72268e+252             inf             inf
1.07576     2.07872e+17     3.07429e+92    3.44157e+261             inf             inf
1.09929     2.10287e+17     2.6675e+101     3.1386e+270             inf             inf
1.12334     2.12766e+17    1.99165e+110    5.78591e+279             inf             inf
1.14792     2.15312e+17    3.75219e+119    1.88403e+289             inf             inf
1.17303      2.1793e+17    6.02386e+129    1.18916e+299             inf             inf
1.19869     2.20623e+17    1.25933e+140             inf             inf             inf
1.22491     2.23399e+17    3.97978e+150             inf             inf             inf
1.2517     2.26262e+17    8.82558e+160             inf             inf             inf
1.27909     2.29216e+17     6.2879e+171             inf             inf             inf
1.30707     2.32269e+17    4.60034e+183             inf             inf             inf
1.33566      2.3543e+17    4.22563e+195             inf             inf             inf
1.36488     2.38709e+17    4.54646e+207             inf             inf             inf
1.39473     2.42119e+17    7.42353e+219             inf             inf             inf
1.42524     2.45675e+17    5.83146e+232             inf             inf             inf
1.45642     2.49395e+17    3.46825e+246             inf             inf             inf
1.48828     2.53301e+17    2.13037e+260             inf             inf             inf
1.52084     2.57413e+17    1.22623e+274             inf             inf             inf
1.55411      2.6175e+17    2.99829e+288             inf             inf             inf
1.5881     2.66342e+17    1.08814e+304             inf             inf             inf
1.62285     2.71228e+17             inf             inf             inf             inf
1.65835     2.76463e+17             inf             inf             inf             inf
1.69462     2.82107e+17             inf             inf             inf             inf
1.73169     2.88244e+17             inf             inf             inf             inf
1.76957     2.94956e+17             inf             inf             inf             inf
1.80828     3.02318e+17             inf             inf             inf             inf
1.84784     3.10467e+17             inf             inf             inf             inf
1.88826     3.19599e+17             inf             inf             inf             inf
1.92957     3.29967e+17             inf             inf             inf             inf
1.97178     3.41927e+17             inf             inf             inf             inf
2.01491     3.55806e+17             inf             inf             inf             inf
2.05899     3.72163e+17             inf             inf             inf             inf
2.10403     3.91936e+17             inf             inf             inf             inf
2.15006     4.16465e+17             inf             inf             inf             inf
2.19709      4.4733e+17             inf             inf             inf             inf
2.24515      4.8795e+17             inf             inf             inf             inf
2.29427     5.43474e+17             inf             inf             inf             inf
2.34446      6.2396e+17             inf             inf             inf             inf
2.39574      7.4739e+17             inf             inf             inf             inf
2.44815     9.55991e+17             inf             inf             inf             inf
2.5017     1.35324e+18             inf             inf             inf             inf
2.55643     2.19489e+18             inf             inf             inf             inf
2.61235     4.15104e+18             inf             inf             inf             inf
2.6695     8.62761e+18             inf             inf             inf             inf
2.7279     3.04904e+19             inf             inf             inf             inf
2.78757     1.27152e+44             inf             inf             inf             inf
2.84855      5.9563e+78             inf             inf             inf             inf
2.91086     2.4385e+116             inf             inf             inf             inf
2.97454    5.87999e+151             inf             inf             inf             inf
3.03961    3.31476e+187             inf             inf             inf             inf
3.1061    4.96755e+226             inf             inf             inf             inf
3.17405    6.24891e+268             inf             inf             inf             inf
3.24348             inf             inf             inf             inf             inf
3.31443             inf             inf             inf             inf             inf
3.38694             inf             inf             inf             inf             inf
3.46103             inf             inf             inf             inf             inf
3.53674             inf             inf             inf             inf             inf
3.61411             inf             inf             inf             inf             inf
3.69317             inf             inf             inf             inf             inf
3.77396             inf             inf             inf             inf             inf
3.85651             inf             inf             inf             inf             inf
3.94088             inf             inf             inf             inf             inf
4.02708             inf             inf             inf             inf             inf
4.11518             inf             inf             inf             inf             inf
4.2052             inf             inf             inf             inf             inf
4.29719             inf             inf             inf             inf             inf
4.39119             inf             inf             inf             inf             inf
4.48725             inf             inf             inf             inf             inf
4.58541             inf             inf             inf             inf             inf
4.68572             inf             inf             inf             inf             inf
4.78822             inf             inf             inf             inf             inf
4.89296             inf             inf             inf             inf             inf
5             inf             inf             inf             inf             inf
